100418832
23533
131149
81832
414130
29760
3487
79929
54097
101929468
63948
401082
6097
50613
1137
106481851
170961
6476
6295
1345
91662
118430
387815
100128946
101928113
391155
390067
285368
102723165
11264
57526
27232
93035
101927129
1373
9120
7455
642574
100505920
56159
126353
1085
81031
11131
6563
56106
106479509
89846
196446
130700
2946
106480256
6707
56241
105369436
338017
101929454
100271284
4153
677799
5979
94304
104266963
100303743
101927859
79820
404785
56141
106480277
107075142
107075175
283592
100418983
653657
81243
414228
81850
102723578
387638
106480909
143630
5083
400604
132141
79825
10047
166979
121952
100628307
1128
101929733
164237
8991
116931
100422608
4692
400823
391530
8512
375791
23647
439945
89849
100506428
57152
106478966
8435
57613
25837
440051
106480287
114188
723809
2747
357
100422238
106480466
79473
84530
4326
285600
285501
283229
338557
202915
106481027
283875
27250
2350
6101
100129958
342419
100128927
2847
57475
106479318
163007
56967
51673
9431
1365
100861402
57481
56654
100422019
27198
50652
391714
202559
442245
100507650
201477
392242
10110
64386
3565
222537
122970
4889
100873980
105373597
8499
57452
3756
109729132
2262
100874029
5630
3351
100418743
10439
6387
26154
406941
1572
643008
100874362
260434
64005
391697
5087
286184
340578
390072
339789
100132376
101929450
403266
220441
105377512
105375475
347675
28465
442444
3
100506527
23138
11281
139065
646710
29993
6361
30848
7634
106480844
401260
100874183
106479354
27334
84215
3381
100128262
106144584
10396
132671
3167
283888
5076
107126360
100313769
92714
84766
100093625
55908
222171
768239
81278
81270
730227
1396
152789
653687
1812
100272220
105419997
105377007
106481672
728128
596
8001
100736411
112817
642475
5521
101929567
130560
51702
106479218
619434
221301
285194
4488
10878
390274
283848
91828
85442
22952
5153
728441
85479
106479017
221662
56145
6752
116512
161497
2203
400043
1641
10365
2554
112543493
100874413
624
79908
100289255
126520
127003
391242
100129542
54959
11255
26609
273
28434
8608
389197
101154686
6143
55224
654370
11226
402676
286749
729648
118421
2173
29850
728606
100130718
100420909
442361
100873975
100462811
27092
138009
51195
11197
646951
100873176
89765
32
10791
105378889
100132766
101929378
100873574
158297
4435
644962
100133321
9215
100996338
6441
102724890
646208
79308
105376762
10742
1011
9
3778
9283
126006
3849
57616
255189
3375
6817
5004
4661
442325
116933
388588
120939
138046
196051
23704
257000
28912
100128853
11189
1740
55885
58511
100313962
353132
225689
653269
3488
348938
81358
90316
100996624
5522
729911
140880
94009
100874293
26495
285696
3781
80237
9365
9651
283143
81035
643971
57419
727964
2215
2974
594855
100131439
79818
23614
100129694
100270950
442396
8869
442242
27124
100420830
5346
105374266
100419880
26492
554236
8938
105369906
6579
27201
100271087
51059
55911
388820
646864
107075134
105755953
2563
128344
284716
81248
106481060
712
51481
729171
653220
106481354
399670
100505806
59351
25817
284757
114822
100288485
101927457
79273
197257
107985928
168400
100422264
643623
400128
601
169693
57415
101929181
140730
10815
101928995
100421776
2846
5678
2249
392465
10599
135398
59344
1585
341676
1012
84569
149428
140696
101928599
80139
148327
26253
100874122
101928022
10786
3883
100873992
642521
51297
106479760
106480871
101928941
776
408187
84941
646255
203328
100873946
101928233
392307
123872
9865
284340
2844
26591
400839
54064
7043
9452
246778
100874197
1050
285296
2679
81264
83446
100312807
100996930
150244
353135
643219
503497
100873987
283982
1555
100421805
400958
139604
106480743
341350
101927282
100131303
100874016
649264
641456
203859
162466
79727
431705
170529
729566
100287822
128481
344454
23017
79306
22996
100130871
646532
25849
106481975
3249
100652730
391458
79875
23302
26497
101060039
100874370
79698
319102
100506229
100270867
723961
6999
219995
100127902
246744
2078
9368
3577
106480917
11185
128997
100506237
646862
28809
114515520
388882
101928340
51214
105378309
100132066
106480840
1557
1917
5745
101927280
1846
643955
100499171
1548
7434
171022
8495
346562
100288596
81079
164656
100421860
342918
10924
6531
26074
645864
128862
4671
116448
116285
100130934
105373144
266722
3485
387491
7433
57828
54898
100129792
101927523
100127976
138065
130813
55351
9254
117159
6004
340602
27290
284233
7365
27019
730130
100419614
100419427
448834
105370004
161835
399829
148345
107080639
26590
6623
10648
79170
4892
50863
101927126
140886
101928478
100312798
100129403
5569
2322
64478
100505659
392557
55040
55713
345275
254958
9515
101929328
221262
646360
100873345
347741
124872
101927973
23751
387559
105379197
341640
101928971
80031
85003
728588
128178
222
100507175
9844
10912
400084
6757
27151
100874179
124857
387748
106480194
23784
56341
3767
340107
154860
145978
146852
100419337
388021
254559
64902
107075283
126755
2214
100874310
1005
100420854
2675
676
106481116
100505776
1363
440461
5265
390445
326611
146395
165545
2705
122592
645961
387914
106479526
54988
374864
57795
100862680
7363
28427
400685
134548
480
89876
1469
28412
26996
124221
345016
100885778
253933
6014
340980
344697
26494
64663
105377424
221122
100873904
50604
390083
100270834
102723828
100874036
9027
154150
22997
103689913
3899
101927722
84179
255239
219445
340390
100507657
869
2543
139221
2561
5167
2359
100270967
2902
641515
142685
23329
7682
101929337
390012
116337
283352
392517
100874035
92292
121643
9576
1381
100302146
100506195
440023
2264
388551
6414
100616210
167
100130879
5626
80319
285505
8416
28793
102724933
284825
79933
646424
390081
101929023
440503
64711
728763
105374394
126410
168507
100128537
54997
4010
1191
5053
150084
6564
401164
4604
51207
7494
23620
100874198
27328
4584
729490
401546
282996
81494
103689912
8912
1811
192666
400620
6506
1524
390073
286499
387273
101929726
84076
105
101927715
1006
100874108
100131138
100873957
114815
100873340
100421633
2257
572558
30061
283284
8456
8646
107133497
144347
3494
105373863
729862
7053
414217
10321
2899
101927222
338651
390061
57733
4935
149954
7123
28320
388633
100506085
143941
196883
146556
7054
283987
283159
3542
8309
10551
4100
9022
2346
786
9717
105370431
124359
23316
57094
79153
100419042
8686
100874007
102467214
119587
619351
645548
221002
441027
106479969
79083
10753
8909
6898
387778
3779
85314
92840
388743
440184
2900
85285
10809
10202
2046
390064
10612
4821
100128723
101929080
4674
367
644759
157739
3498
100130158
64090
57101
5126
54857
56144
3169
4588
1154
25803
222008
54490
105379132
10140
400892
4897
6725
4753
80070
155185
414318
8534
100507428
101927489
101928114
54328
146279
253190
100128867
5618
170547
4246
645054
3768
54847
103689846
100129452
400224
100505993
5320
431707
154822
284254
27289
100874331
400660
646643
285708
100874024
9623
284076
100873379
1549
100287226
283310
642460
1084
1769
195814
255027
18
23136
2559
1485
1280
219429
202151
404216
56651
2925
28874
102724917
84677
100132735
84059
114800
105373984
388
100421185
100505989
25891
402160
101927590
6252
105377175
101929441
89766
643161
102725045
6833
149563
5409
400500
26166
10720
102723641
340533
106480291
101928738
401138
642394
25823
165679
84539
105370158
105373054
391267
124220
11045
2625
319136
1480
11122
55024
100422445
390091
120892
51802
23428
65266
390273
816
79258
105375616
57713
107986041
79570
170302
100874239
106479480
83733
79611
3760
51655
101410537
138971
101928904
55365
100507639
199920
6657
2914
117286
442117
100874199
105377165
22977
51314
26047
81251
8778
100216479
6549
820
64388
105371496
389332
727944
441843
100631247
353345
374462
25924
9619
219865
4886
253314
644672
5596
140876
145837
27146
131034
728990
106481695
81163
101929120
6972
103752554
100506013
84084
430
100533665
9211
338591
4110
8911
147381
83657
105376310
9635
101243545
26628
346689
100506409
102723839
60401
771
219793
6557
101929660
102724097
643115
100420921
105377466
400208
54886
57604
144110
100271217
23194
92086
3211
3882
22953
390066
399
84966
152273
105379036
113220
101929199
9543
3642
64579
100287879
4586
389033
106479468
51052
2566
863
150
104797537
5267
83992
100129662
100874030
727897
100421589
7369
105371071
100419955
7380
26353
11283
643355
866
102724623
3263
100129310
653808
7547
79782
130106
8000
1428
7757
100422545
4685
56139
3503
119180
28429
319089
100505495
256394
2690
799
256536
107986311
387065
163223
646300
347853
253559
6984
57580
64084
7173
64409
150000
644919
389816
3752
6542
2045
89758
489
338645
101928223
101929221
390748
64377
5174
56955
51761
100420458
121549
111
106481836
23783
2567
152330
2849
140683
106479522
101927362
106481694
105377880
101929196
9370
319
1081
5239
1048
158724
201853
439936
102723344
2867
8419
401236
105370479
100130693
645668
100127206
728342
1041
3118
57535
128790
2099
1234
10268
285577
390275
5799
26
374860
9207
129807
101927924
132203
105372011
8825
7367
4137
400046
92747
6983
1237
57628
5304
107986980
399717
347365
440915
100312817
163720
161145
80736
10590
644623
3754
22917
155465
389434
441234
100421806
1472
90134
8688
51237
196993
6968
4036
57687
153328
196475
158763
389023
157724
4857
100689074
2940
54102
9369
283463
276719
400935
128859
101929286
100131320
90993
40
123099
259
103695432
388336
157855
29949
200810
125981
164832
150622
149775
101927994
1008
400830
27202
105447648
100271702
171019
101927390
1733
3497
7783
9687
347
7451
94160
143425
654429
108
6967
81078
124274
5121
286189
143379
339479
10718
341359
7200
1470
389396
10647
4250
106481438
7069
1087
3158
3354
9547
729238
128821
121355
189
5075
2674
171523
5733
57758
399857
219752
340895
101928919
2155
114770
641372
84689
7366
100271846
54055
1501
5241
203569
90737
101929350
1556
5816
10143
85320
8537
6658
30010
100507584
58475
4583
1826
80129
57497
247
2331
80341
7021
6966
100312806
2813
56914
317716
128822
6970
101929520
7033
91074
160728
7031
100506492
