102724344
6317
3854
3426
25818
1830
9290
3620
728264
3671
79192
345557
6591
3852
9071
5743
85352
5737
1825
11096
9242
2487
30012
9182
10562
3861
5646
100873979
388714
389336
2019
6318
84935
91133
84109
7130
3205
8038
221416
132884
4316
100132891
339761
9340
100506115
203413
80114
6098
158038
114902
231
26002
1295
7476
1009
1879
4811
54810
1462
54538
100192378
6373
8492
6492
10804
51299
54331
5918
111216284
1749
1750
107985816
132625
401492
100652988
101928710
255738
101927034
23581
100874323
27303
2304
2903
25928
107075158
10406
5069
53405
3910
645553
6372
126242
400841
8190
3569
201516
115273
644100
10319
8793
132332
6530
1310
50509
6354
28513
4837
8549
100507410
80380
285987
84740
285943
285548
5588
137835
718
3428
3474
79931
100628315
101929484
28
9119
100996609
84628
103752588
9760
10085
91851
6422
4852
5650
389136
51339
116
103695363
111216280
1131
11063
257240
5653
143903
9447
1755
28984
388939
101927070
151112
116159
6374
100505633
3868
7941
2191
22795
5055
207107
9615
2619
116379
56952
387718
1645
9118
387895
9796
2920
3624
120114
3236
1296
3872
5139
100506377
101927642
101928151
643733
4499
65975
283392
6947
29953
2113
9388
10107
54437
54510
100287314
8091
100287216
8685
107075116
2328
133396
2201
283867
2044
100507206
29944
375387
2247
2290
65061
283422
8828
127124
1292
140578
284661
105373853
22801
169355
2831
55380
92211
115701
1240
64078
10231
4166
25925
1299
929
2825
169792
419
3696
344558
7096
117581
100506895
5266
50486
554202
54796
5806
1282
858
81606
26585
8633
55679
3199
55243
284759
6507
27122
834
729252
105375734
352962
100507632
375616
392636
107075148
8707
3078
4208
650
1284
4118
100127983
100505785
54763
857
8710
4543
94234
100130889
7045
90865
54075
164045
105374885
5396
4803
55423
59
57631
83872
2882
5764
100506795
100506737
400617
100506311
100129464
7345
9023
100996941
26577
2295
6935
245972
716
221061
3676
27147
284196
3237
5655
114897
4279
1805
3207
57565
80099
3437
137196
166863
29942
11213
140836
2840
135295
843
439949
84959
2335
64220
9420
54039
79783
4478
2919
284021
90523
388942
3908
7018
633
101929010
3824
133121
3273
256979
4311
442247
359845
3576
387758
7348
93273
4115
729
3853
28813
4017
574028
255187
8876
5243
646
56999
102724201
145864
10687
79100
3690
2303
2006
2736
347733
27143
8854
10326
5156
100216001
644538
727677
586
6273
9938
1803
2318
29940
3198
128674
84969
1780
102723854
105372037
64411
8128
56253
8406
4015
10083
3918
644576
100874207
10100
6954
388585
105377390
4919
114801
793
721
64108
54798
84674
30812
378818
6622
3773
119395
6364
646581
5787
166348
100288801
147228
10964
729347
7447
3532
23732
5228
170690
126326
4067
10643
100506393
6769
8740
163782
100289028
79633
715
285498
3486
1842
4479
112464
389655
221718
4323
8644
1291
54809
51334
10659
7431
219285
10644
79780
10333
729682
440799
4948
102724341
118427
2182
151887
4162
136227
100505929
164284
6913
285629
84063
26032
100506457
729987
3200
25797
3787
3383
221391
100132153
29126
339244
105377682
115362
100874194
730092
90527
800
645369
55704
348840
80034
81029
353196
285084
105371248
90187
285954
91624
441178
9945
810
27286
79937
26289
11173
3490
23743
165257
9056
105378912
135228
10866
90139
3575
644444
388830
338588
2151
132430
182
3359
392617
101927740
2138
83876
11095
1359
6700
84570
441282
100506736
9235
57088
400759
107985307
255130
399474
100505994
4313
1183
57016
109729169
344887
138255
101101772
100131176
644945
330
653499
1806
164781
80206
100132147
731220
3604
125704
5125
358
101929475
27063
55214
442258
163351
7041
1307
284119
10686
11167
63950
400619
84072
2921
8436
104355288
10000
101060542
5268
729475
339241
8029
151254
387104
64838
25903
100996684
728192
9333
8601
3316
84141
105377443
101926940
148581
101928614
27283
654376
9180
4248
203111
285313
100507127
114757
3384
9358
27065
134701
196968
1132
4921
341
1956
101928231
400950
3433
159989
352999
2707
2200
2069
3429
81794
2769
1117
84441
5159
10158
107080636
51284
6274
8676
101928741
286887
6932
100874156
6369
100144602
22873
57685
8092
221357
100419185
101929027
2212
1959
6347
100874092
106480869
345651
8061
11010
101927524
7042
491
4887
1672
150771
161342
2327
27145
25960
389158
404203
101927171
8995
105369740
440068
284434
400578
100288827
353194
390010
146206
290
10537
81618
101928880
57161
6328
1356
9096
89777
157869
101927780
11081
150572
53904
8988
147372
10913
115908
56000
101930114
103344932
107984237
2300
5273
29970
10371
105369684
2770
6523
285533
249
3857
730
401089
105372950
64100
660
864
9464
140828
768
25854
283547
2296
104326052
3759
728577
117248
80712
64106
100507463
440073
79899
236
84830
100129836
285195
23630
80008
727703
2115
59350
9982
54578
57575
100507135
100873263
392313
55273
107080627
11202
59352
5995
1116
106481742
400533
3239
1490
199221
146
100873918
6624
5740
250
651746
5450
5327
6456
340990
221756
4240
100130376
109729113
55612
81849
23643
9729
10253
54742
10842
1000
256691
110231149
6331
23755
388849
100129995
5698
5137
414196
312
158376
89870
57611
5443
5328
7111
7980
145200
148979
26247
387837
4481
7223
100996635
389421
152007
91543
57514
23228
7225
645434
101929074
101928015
28526
221393
7169
7097
105372556
154092
101929423
5801
56311
301
6446
4982
33
7101
353094
80125
56169
54657
101929152
347404
6511
644168
84847
1761
104457406
55083
84665
9750
3235
259232
401585
221883
2791
4843
100873978
1608
9671
144165
5803
389840
9154
114614
53335
3201
286133
101928773
728463
100996570
375298
57124
5456
5197
101929771
220
1435
1029
251
256714
2894
1901
6474
56129
1583
53345
58157
105371964
27074
150596
57608
284366
401286
5455
3553
100506834
3672
5732
110806276
58985
5644
105376382
5654
9892
4131
114818
342667
9590
2706
9902
100419056
80350
204801
65987
108570035
10203
6663
79776
4241
54580
64581
6850
255928
978
57126
5325
84101
80243
106480738
201780
221074
8728
286
84168
1045
51208
105378853
81075
3363
257
55323
285441
155051
2014
55509
389073
8600
2152
84002
8701
79574
105377595
101928165
134265
960
1013
10561
352966
9227
338322
101929696
7098
284293
55084
56978
3206
133060
28232
3934
101928539
92737
101926955
284
84034
1358
51198
7857
390928
400624
106660610
140766
9313
105369739
6326
100287225
115265
258
64405
101927311
137
639
3762
644248
28684
57369
51285
10642
148756
10017
2571
5880
125965
4318
104472714
89837
79822
339263
7378
5457
105370676
105370496
348254
114769
326340
101928122
102723920
646962
55001
105374177
100873193
3822
154442
6695
101928744
79413
105370357
252995
401994
4053
137133
100874330
3400
389756
50506
101927152
6489
28913
4005
254228
3823
2273
406977
100874203
7092
151827
1909
9734
25780
390245
64208
4065
1413
100129940
117195
2
146795
51191
5272
267015
100506555
338376
94274
100507254
55190
3202
4233
27160
727699
100418736
116372
53942
219970
2534
100134259
109729180
84467
154386
8807
57699
8519
6775
160428
25945
5460
100129297
401720
340888
54751
105370681
4815
81354
1993
56034
100129459
1410
100419608
26191
113523635
57507
91179
54626
9508
116135
129446
7048
169966
28638
100505865
100133330
100271105
4635
80830
558
79689
84617
83468
9127
145946
5080
1281
286097
6678
3809
100130490
26651
340581
10008
100131897
441168
6925
414194
23500
912
28951
6291
27115
131096
375607
9900
221188
55026
9839
100419742
257313
2124
29842
959
727936
56895
8291
4638
387755
400761
8809
11309
54739
107984504
2950
100130756
100507308
55790
4317
100129761
140803
284467
128646
147710
5997
192668
101929163
952
112616
652995
730152
30011
7436
112441441
7010
643414
107105264
55553
84627
223075
51411
6703
123041
414316
347717
118611
2048
53632
101929715
169044
4907
100873989
29114
100507616
26659
56938
101929395
5671
2242
100874100
400765
3174
201651
137290
56033
366
348013
64098
51267
53836
407006
104502417
23650
648791
23406
101927574
1289
101928537
8434
3134
9076
5066
5617
7222
57582
386597
127435
79890
3489
23231
339977
646600
106479099
1293
5293
79605
100418920
10402
100287630
83881
106481783
284071
53827
126668
6288
1520
84870
644070
100874246
107984953
221687
401007
256815
1357
85449
51302
9073
7133
79190
27239
101928767
970
101927460
1302
100874282
57829
10417
5729
6581
56963
145989
26246
339894
2537
105369807
154796
401982
104355147
139741
1030
3106
10863
10824
668
100093626
2615
10346
440119
51186
10855
84624
389658
28778
150165
4222
2015
150372
28644
25758
5122
257358
3434
11211
387055
5270
2646
107984114
5362
643309
1746
100130983
1607
3082
103344930
255349
101929517
11067
552
8735
101929071
1286
645145
3680
100873267
1109
10580
284904
129607
51393
153020
102724231
1290
284576
283487
57047
63895
26872
440132
219621
28455
111082990
654
731
100422986
1021
8671
23498
651
100131415
51384
80774
101410544
64168
65267
101929260
3038
256435
346171
2259
140885
3965
84290
1036
100130074
6121
594842
79750
3915
222611
3772
220382
3346
100874377
3601
10164
23072
29091
93432
8660
100129468
84618
344901
5321
147
101929302
101927686
27128
107075221
2515
26343
2898
100885782
100132234
84166
4589
102800447
3109
4922
150946
635
22854
710
285349
186
105374119
348378
313
4804
2051
5358
2672
257194
2254
3204
10234
729828
55205
645638
54875
100506392
4986
51716
28862
2119
83539
794
151176
439996
27319
105376554
107986408
100288797
100873349
100505702
56892
22987
25907
129868
102723742
56097
9478
105372147
642935
100379345
254122
5957
9032
101927156
101928646
135112
23266
10344
118429
100130613
10052
649
101929371
4495
353324
107983964
3105
54933
165904
115004
136
5999
101927921
10384
128209
100505592
1690
107986264
100498859
255426
146433
391603
347694
338879
105374436
4133
100129102
9473
347613
105378325
4855
347720
100874247
53822
104413891
3600
154091
728310
23127
10516
347933
100128621
101929743
27185
106481310
9957
493869
5329
338653
339896
64359
115290
240
25878
168417
1833
23676
1401
103695433
9111
28761
100874348
147920
101927701
402360
5649
100533664
10485
59272
10123
105378854
642683
9173
103689845
3914
104355286
6948
57333
105379006
5292
100418718
101927320
4237
10170
84856
401554
153218
441376
107133511
401081
101928399
388015
101410542
100420030
190
260429
1969
100131366
106479357
339766
105375380
26108
5118
56667
146227
51200
101927350
2735
1311
143872
3371
9448
216
8829
106479132
56287
646619
653
79690
4599
2047
399708
79649
100507098
28796
56125
341277
54658
57216
10391
79628
10186
4071
11149
56126
56098
102724360
100288911
128718
414061
4038
1808
28457
101929467
100507203
81076
3957
1543
5627
28825
201134
3135
10631
2196
2568
349152
101928142
92691
1593
54498
100505532
119467
344018
266673
111216275
645120
5696
145407
340745
101927081
30820
114793
28642
4223
11178
400511
100128905
107546764
340706
11341
255480
64221
283078
3628
4261
6876
80144
55601
23208
652
94115
101060498
113
100270885
3456
134285
80201
5359
26188
7047
100131117
5676
9507
285525
140749
7475
28639
2012
404037
29986
838
2334
9472
23657
109729119
4995
3203
63934
439921
147409
340113
112609
102216342
89832
28568
2856
790952
225
100874312
57004
1044
79827
860
100128252
653075
100287082
347703
114788
5621
109616973
1817
91149
100873245
29943
100507050
347716
3689
126868
1756
1180
27254
140716
2703
101927832
9308
29015
54922
84968
158471
8200
81342
254439
400745
23683
101927528
101928694
100507651
23767
10290
128553
101927512
101929768
100133311
140834
105377098
78986
100861551
164312
129293
100271303
246312
84692
144402
414899
399959
101928106
100130418
5744
7128
26291
115749
57576
415117
4060
91948
105374289
100874385
84230
284729
8745
106480955
222696
29968
340075
5010
340419
10046
100462990
3445
9636
100861550
150135
105377006
728641
85480
4155
100996702
6891
284422
60529
504175
9532
100505474
58524
391587
57519
101929947
120066
10655
387597
339512
50489
5136
79745
158326
9509
100421167
79987
729338
72
29774
51201
64129
4675
139411
105376444
105377096
343169
100287632
79781
338864
100128023
1097
100188954
107984027
3442
720
100506860
4500
26220
4883
352965
284217
401491
100505518
57205
100506564
127534
107985128
105379098
1188
728228
389119
7252
57144
246777
100128834
3352
340204
9936
100419008
728081
3678
401285
2633
6546
7291
10215
6529
57057
115361
26027
105376261
343450
105374285
8460
653125
57393
25937
107075196
1001
3062
6289
7368
3956
2709
7498
105372288
79012
283208
439950
5324
285016
5553
29895
102723487
135293
9627
101929335
392343
22861
284418
337
1066
2275
9469
79722
9402
110806283
4915
100129845
220323
145497
166752
29967
5271
105370683
10468
56911
23216
6590
79940
26095
100190949
100507533
100750246
57084
81793
10570
388960
7545
388125
2123
100506915
360132
26082
170679
253827
100292680
727856
1646
10398
54438
1590
55539
101927868
84668
100507073
9955
6854
130120
342
100874051
926
374739
28680
107986136
256355
102577425
1404
727828
116093
106479534
101929531
101928734
28520
166012
11118
64109
26232
729779
3122
103021165
745
162387
28408
147906
440738
54491
2695
100420621
154
3137
898
100419776
100874055
6566
10893
70
285043
100113403
100033398
131566
55701
3123
342897
100422316
1301
106481871
149773
27333
7134
54101
5734
5624
28516
100132264
359803
205655
1591
100271537
10410
4810
645024
110841583
27284
131583
100233209
729073
115110
441900
3439
79839
8744
30818
360174
219670
100874238
3593
102723448
81557
100505817
4146
2122
105369586
105370503
100419930
101927239
4684
91156
3933
646324
51666
100289673
84659
4885
266743
392540
922
79804
26034
100874334
814
101927904
100507466
10834
1687
28948
101927541
100132116
1466
100271420
201161
388697
9514
100288785
343066
105377180
85463
5275
158401
8822
106478985
401335
100873741
101927323
23762
3963
56172
2020
100873190
100507401
7781
106479240
55137
100874250
645368
390561
5179
26230
200558
338755
100130402
7079
105370183
64167
1474
2307
100505704
100507431
3909
22865
646262
221395
103695364
729611
3075
89866
117289
285286
4828
7039
306
101927406
23046
8536
760
642762
4281
105371008
8577
2131
11082
113691
80115
286151
100873942
652411
1807
1004
285051
106480849
283692
286310
280644
219348
1515
3209
83716
4778
100420590
340037
102723505
5578
56977
51088
100128385
286544
126669
3976
10020
10763
7125
23321
376844
101927766
28968
2202
223117
51661
1872
9834
101927519
347281
284294
101927352
106479133
64175
100506953
3037
81552
3688
284297
79971
101926978
115207
7473
6017
8875
9890
6423
53826
7461
100421058
647201
8324
100874212
107075100
119369
80258
285492
5309
9331
8302
143686
89795
10891
6656
100271893
100271531
84645
137970
28965
100
51301
50700
100873972
93649
103724389
221336
219833
106480185
2827
170552
104326193
1264
11147
1745
343413
100874150
9891
374786
101929344
886
100420656
286460
10404
9162
285761
340665
8490
90525
285025
55228
100129005
101929352
100419963
141
51440
336
192217
9312
943
642345
55076
54036
27285
1149
5366
105369920
5727
283314
100128081
10361
101927125
29989
8743
117156
81419
56127
105370610
4632
285126
56255
2774
401134
107178918
56124
388364
94240
80117
554279
100271551
123920
100131533
54345
8506
85294
23432
6383
103695431
26242
28522
106479117
100874289
130399
28452
642996
337876
100271132
3269
55800
7364
9077
340508
92196
101927273
881
6011
100216544
145376
119
100302401
113146
391462
129804
54363
102723875
390102
8522
100507064
57162
7099
6236
113451
4322
100421767
6890
163259
26539
84466
100873719
101928309
80036
