6358
100130231
339005
391697
116931
11226
152789
171024
354
100873064
84258
57194
10924
64073
644672
10002
168667
63910
143941
596
641456
79908
390273
124872
157381
100874179
442361
120787
51059
10551
2215
100422636
100421776
3565
4145
653687
94009
79316
100420033
84620
54490
26742
124912
32
286436
399670
169693
489
3487
1381
653269
162998
63876
57569
138046
56659
142685
6387
100873248
10742
93556
388551
2625
84251
442190
23704
3687
3263
338591
10365
353132
89846
392255
1501
54847
389558
100420921
144195
9365
106479526
253738
391436
200162
2563
342035
100133321
10178
8416
100270950
431705
1373
100874239
388407
3175
26011
3884
100874122
391267
54857
343637
403227
4916
341277
712
387748
400208
448834
170529
276719
9576
3883
56144
81079
162282
2555
10912
246778
286749
624
26628
4892
51557
1363
389197
391458
3882
7363
84569
100302146
10612
100271581
388523
2249
106481060
723961
283982
392465
84944
100130719
100874199
112817
138881
100873176
106479480
100418980
601
347741
79698
79875
165679
106480429
3249
56936
83445
11281
130813
1293
4671
30848
4897
100271087
4327
26497
128862
100129403
100873340
106480840
346562
341640
3167
26590
6441
3375
6549
51802
10809
5153
442117
100421805
1038
284716
120939
8856
195814
101928904
2558
402676
3778
100874197
55876
100287226
106480871
81792
94031
106481069
219995
425054
9254
100509857
116933
138065
54328
25849
140730
10786
106479760
10648
503497
3485
642521
729566
79442
57497
26609
346702
79306
64211
641455
390073
106479320
283284
4103
4935
1555
100874016
83446
338322
8447
10720
728911
4803
100287822
440503
101060039
80319
933
100874370
100874036
139212
81358
50863
51284
80139
117154
4923
2846
154860
100885789
353345
26495
79083
862
221662
11197
4747
100421860
84970
441519
392517
85319
348938
10110
10753
202151
642394
7903
84941
23751
100130934
9717
106481975
132141
23194
100287879
619434
3741
107126360
100996930
100874007
192666
284233
340980
8001
6004
30061
388
282786
50652
10321
1733
28412
100132386
57526
100874310
56776
54587
1585
140696
5618
728588
83733
26166
26494
316
3381
1003
54898
128481
5569
8614
100874331
641924
646360
6014
643955
345275
4099
100130718
8534
375033
3641
353135
108
157739
100127976
7173
100129694
388743
126410
140683
2559
100133093
389549
91584
106480917
219527
146279
786
56341
728990
100422545
23428
100270867
9844
5121
619351
114784
387559
100652730
100862680
5167
7494
399876
164656
106481116
341350
643971
100500847
6757
171483
100312798
129807
203328
100996466
3670
547
100129792
145978
246744
400892
282996
3757
85003
59082
100420830
400084
2844
644759
144110
92552
28429
730130
5265
100507056
414217
646864
146395
122592
28793
4973
100874108
645864
50604
342918
79933
8909
140886
28874
100874198
2543
1469
100421633
100874183
79782
344454
2732
1191
100873904
286122
55024
3233
116448
202374
3899
5320
107133497
51207
3351
128790
54143
441452
10050
58160
7434
414243
6506
9358
10631
64663
167
27290
79153
81494
196883
92292
55365
90632
89876
440225
390061
8000
420
100873957
283777
121643
100505993
9027
4100
8532
339184
169026
185
8912
387491
100506195
399
5745
5521
401164
100873946
728342
778
51214
27133
2675
57795
349408
154150
23784
6898
23302
887
771
103689846
105375616
79258
158131
114815
572558
65266
100505659
56159
101927715
139604
51438
4010
23620
222537
2259
100507428
100506237
57616
2078
55351
253933
116337
2899
23316
387778
2494
8309
59284
25924
28320
64711
400935
2322
222008
286411
6258
7032
57115
1549
958
100130879
26322
386617
346689
414926
4312
89766
643161
387273
6725
1769
317754
18
27019
5053
441027
100419427
3494
4246
29989
645548
390064
9623
106479969
114770
3498
5626
100873379
105
6909
284076
4692
3779
253190
246
283159
2046
100270834
654429
23533
23213
646643
414152
221002
219429
22997
57094
441843
6579
8686
2900
150
254295
83992
81251
155185
1524
820
219793
441897
442384
126129
54997
202559
10060
54854
283310
25891
3542
11283
100421185
7053
84076
10281
170547
84677
400224
338809
768239
729490
92086
91646
220047
8911
57451
345016
1084
54055
9022
51761
100885778
2731
255027
117286
4160
284415
100419337
283160
134466
387065
3764
7223
2944
100874024
3768
9207
7123
1480
642460
100631247
390091
6359
11045
22977
100505881
3084
79570
85320
100874030
51338
339479
100874038
84675
154822
57535
25770
4821
25823
51481
170302
400500
100616210
81163
554236
54959
401236
5678
94160
51655
2925
10202
149934
3211
126755
3885
319
84539
51702
541466
85285
6252
284254
6984
1428
730755
219865
259
2914
1006
103689913
6972
83643
399857
430
64388
100873975
400660
60401
50945
90737
7380
285708
389396
119587
253314
123099
338645
5054
56139
9635
286499
1280
319089
23136
84084
4886
3752
273
11122
3577
6983
51052
125981
247
56651
27146
2867
5670
816
131034
4586
9547
1440
1237
113220
727897
374462
9568
8419
441521
100506409
647415
64579
100505806
90316
2045
4110
56955
2849
653808
390012
54988
3642
2690
196047
57101
100419955
106479468
27201
9211
641372
9543
51314
100034743
56914
10599
22917
8471
400830
106479522
5596
401190
163720
6542
8688
55130
7369
90134
57580
10840
4685
2566
106481836
11005
8537
5267
90993
256536
866
157855
1485
7547
119180
1012
147381
7054
4137
645961
4583
157724
84966
121549
1016
26353
256394
130106
64478
6557
646300
23783
1234
150000
4857
100130158
10590
5239
64084
111
863
5174
64377
100873881
158724
799
441161
5672
27087
57574
100533665
5304
201853
7757
114800
1081
390748
440915
3158
51237
100631248
3118
163223
388336
100130693
8825
10718
283463
80736
2099
196475
100271702
374860
285577
9370
189
26
645668
161145
132203
124274
196993
390275
100312817
1041
1087
253559
6968
100129662
389434
1048
152330
155465
2567
644623
200810
101927994
6967
7366
6657
5733
3754
57628
55510
10268
260436
153328
171019
407022
1008
203569
57687
100421806
2940
729862
3354
7069
341359
40
92747
105373004
7783
29949
5799
9369
1470
27202
84689
7033
7451
164832
149775
7367
3497
347
9687
81078
4036
54102
143425
100271846
7200
58475
106481438
121355
143379
30010
128821
729238
219752
57758
1826
5075
80341
101929520
100507584
2674
317716
10647
5816
1472
5241
100422505
91074
6966
100312806
6658
80129
7031
2331
6970
4250
2813
10143
100506492
160728
128822
