6317
406937
9290
3854
54810
3620
2487
388714
3671
54331
100628315
2328
9071
6098
84109
1240
3236
116379
8707
8190
201516
6374
2019
4852
79192
3205
79100
5646
59
169355
646
9447
145946
136227
23581
10562
8633
11211
5588
1749
11063
10083
810
140836
221416
3426
2160
80034
57565
8854
3237
4543
29944
118427
166348
5243
388585
1755
183
6373
1310
392636
50509
4316
284340
7348
54763
10418
285498
6954
1299
2290
25928
3773
5139
84628
9615
7475
2006
245972
388830
93273
100507410
6947
2138
132332
404203
221357
10107
4811
92211
6372
100192378
4166
9938
2212
721
2304
1131
9671
79931
80712
107080636
54039
387758
283547
105371653
1803
1780
6591
1805
440068
133396
375387
3759
375616
51285
115273
286133
644576
7225
28
414196
7018
151112
2831
84063
1356
10406
352962
5443
633
390245
127124
400617
6318
25925
3853
6850
415
2
109729113
9388
3235
5456
138255
55380
312
9056
340888
660
100996941
2894
2327
6530
10804
4208
4843
132430
1750
100887754
28513
23732
134701
64078
100419742
912
157869
11081
150771
439949
100873918
105372556
2335
29942
143903
574016
2515
7092
57685
154754
389756
4481
106479432
115265
4248
57582
101928165
392617
100874194
9242
646627
23755
6663
8492
219970
25854
56129
54626
731220
28526
55553
11095
5617
5450
4499
654376
64220
100288801
1013
100130386
28684
221391
25797
440823
440119
2044
79574
51339
3888
100874092
440073
3174
10913
30812
391013
389336
3239
53904
100288827
100996684
345557
26247
256714
5197
7462
4948
100418736
399708
729
100873979
353020
57124
3359
389610
27283
100652791
9796
100093626
285943
257240
91703
651
5266
653499
5957
126668
317768
221074
406977
353094
28984
150572
100873978
257
5644
339896
252995
28813
55084
28778
9073
728192
137835
1284
387837
4311
64288
4318
9340
100131415
164045
83881
9182
81075
100506311
147228
3852
8710
3861
3358
4804
2840
28568
114788
952
91948
26191
29114
64411
6913
140578
26585
491
959
100874100
441376
5122
65061
90523
104355147
56169
255738
5995
4279
3199
100129459
90187
440686
83872
341
57575
84152
5225
150165
56130
57161
85409
23767
348840
55083
119467
2706
83539
51302
72
9333
3428
165257
2242
730152
7941
255480
4995
729252
26659
8128
400759
5803
81618
3078
642762
375607
3624
338391
84467
6489
250
7111
343169
89777
126868
284576
283867
100418920
79750
29774
53942
204801
401994
79104
59350
132625
100874055
154796
10214
64405
79190
153020
2770
91179
100271420
81794
100874348
28761
1462
169792
730
137970
10580
7857
106479102
339761
3384
338653
10964
3809
5136
2919
114902
56667
3273
8029
643414
23498
81076
283392
101929423
143662
106479132
54075
5918
100533664
80114
388289
6507
9313
100129005
2169
100132234
5362
100874330
201191
5455
9478
1044
6758
63895
80243
11173
54363
1359
83854
106481310
100506736
3202
9032
55679
63982
5268
54549
10017
199974
56952
1302
3400
1543
5732
190
28983
28644
64581
1183
5744
376844
9420
339977
100233209
28455
65975
84290
100270937
104472714
3857
115908
400619
10485
26651
26032
1180
3957
90527
54809
3696
92691
100873942
4885
8857
220382
4118
8876
440132
94274
56670
439950
28968
3676
84618
100132340
57507
100873349
201780
864
4760
128718
3346
5275
246312
340706
11341
55001
8644
100132264
216
79781
29895
114769
3690
886
10842
645120
386757
151449
57016
3445
441282
84674
79776
196968
1282
768096
100049587
7476
7368
284418
6347
57004
26188
389158
285492
285533
100873190
340217
221883
101929176
3868
646324
834
255426
347717
9936
51334
80774
2139
7364
54036
1311
728081
402381
8740
147409
100873972
25903
731
10659
106480955
374569
6716
55539
1401
166752
1879
146
6876
100505518
106480869
388364
285441
168417
2672
100861551
128553
342897
10763
729828
10266
2200
1590
10655
27145
167410
7125
56956
645368
80125
10866
162387
100131374
9900
100873267
392343
56098
137196
1116
100287216
53822
339766
101927519
100420590
340990
170552
132884
56287
29953
406938
140803
146227
84740
90865
375298
105375380
2254
126326
650
28516
55790
3198
55879
10100
51806
4921
2191
258
100874051
394217
255631
139741
9902
1607
3442
90139
54510
29126
2703
2334
51299
5273
9596
146850
55273
285987
137290
2201
100506915
11213
