2
127550
344752
126767
343066
201651
441376
10351
5243
8647
644988
25890
28
33
176
59272
2532
26027
390928
2182
23305
123876
348158
54988
58
59
100132116
345651
643309
100462767
70
414754
72
81569
139741
130399
91703
100
161931
8038
8749
8728
2515
8745
80332
27299
81794
140766
170690
170692
9509
9508
9507
11096
11173
642935
11095
56999
101929335
100507098
9719
105
113
114
116
117
119
84435
25960
575
577
2015
222611
221393
221395
10149
221188
23266
23284
124
126
127
130
136
137
141
147
146
154
155
84830
165
84740
134265
2334
392636
56895
183
186
113146
9447
23746
9590
8852
9472
231
57016
340888
441282
236
729347
126242
1645
1646
8644
648947
246182
10000
216
8854
220
160428
106480789
238
389658
285016
55821
251
115701
249
250
8092
257
60529
258
100133024
144193
154796
278
284
51378
83854
647589
56172
27063
348840
100421422
651746
56311
63982
290
84168
118429
301
312
306
313
147495
164284
149773
200558
336
337
341
344
346
100533990
8542
80830
100129005
358
375318
653437
375719
389756
366
64411
58504
102577425
9938
79822
57514
100874246
143872
266698
100874233
55701
80117
644100
10123
106480778
55130
145407
387715
56938
101928646
645432
416
340075
419
401036
140458
647219
151516
453
460
85300
57205
491
495
507
100505704
101241877
644333
442211
245972
100130705
127124
92552
386665
552
553
554
8313
558
401393
113451
100128857
8708
8707
84002
9331
79870
9532
56751
343472
56033
646201
55509
586
53335
597
10017
79370
440603
146227
221336
144453
633
27319
635
23743
80114
274
51411
330
338436
640
649
9210
650
651
652
653
654
660
646
54796
111216284
100128849
100289028
671
254240
7809
683
100129641
696
11118
10384
100129094
106821730
11149
154442
414152
256815
118611
387695
29125
219833
341032
387763
121273
162083
124773
83636
255809
728819
727684
10485
165257
338761
114897
100507410
114902
390664
715
283314
716
246312
84645
151254
388960
389073
84281
400950
718
401081
102724231
388503
720
106478955
721
722
152940
389197
646603
389336
133491
133874
285668
729
29113
221416
352999
730
202865
136288
401335
80099
100127983
138255
84688
100129385
760
765
768
219621
57010
56344
57685
773
777
779
55799
57863
100131825
793
794
797
10203
800
255022
119395
254228
441168
810
8536
79012
23066
84290
84433
114769
440068
84674
146206
728264
727677
834
843
100506742
23581
643733
440067
857
858
284119
8436
112464
158506
147372
285025
348254
100526761
388849
55195
137196
80125
146849
84692
100996538
83987
151887
79780
55704
388115
881
886
6356
6347
6364
6369
6370
10344
6354
3491
1490
8840
8900
898
414194
135228
57126
4064
912
4345
344807
50489
10666
919
57124
29126
342510
9936
952
960
4182
921
1043
922
923
969
970
9308
978
1009
1013
1014
1015
28513
1000
64405
1001
1004
92211
65061
1021
100287419
1028
1029
51198
1030
1044
1045
1097
100130418
63036
51032
10136
23436
10659
414196
201161
201134
9350
375298
1066
51716
729338
1071
348807
55997
3075
3078
3426
1073
115004
1082
9023
101060040
1114
1116
1117
149620
10752
140578
54075
91851
89832
1131
100506915
1132
1134
1136
8973
55584
1141
1144
9469
10164
4166
83539
337876
1149
63924
8483
100131828
1158
22802
1180
100419056
1183
1188
9076
9071
100874194
5010
23562
10686
51208
9074
9073
387837
51267
165530
64581
53405
7461
25999
79745
574028
101927096
79827
119467
57393
157807
1240
129607
123920
116173
112616
154043
1264
392343
391266
100874109
285888
25927
54875
53942
79937
728577
1690
1302
1305
1306
1307
1308
1310
1278
169044
91522
84570
136227
1281
1282
1284
100874203
100129836
1289
414316
1290
50509
1291
1292
1293
1295
1296
1297
1299
78989
23127
1311
10391
84940
23406
1331
1332
125965
341947
1356
1357
1358
1359
51200
10814
594855
1369
57699
144402
107984504
151835
10404
53336
56265
1380
286204
9586
1393
100288911
83716
64109
1401
56253
1409
1410
1412
1413
155051
730102
111240474
1435
1437
55790
100302666
114817
80034
1466
1469
1474
441521
101928231
203413
100128553
140690
115908
1493
1075
1510
1520
1515
100996492
8029
2919
3627
6373
2920
2921
6374
6372
3576
100130361
100132994
100128621
1532
114757
1538
1583
1586
1543
1590
1589
1591
1592
340665
1593
339761
1562
51302
1551
199974
1581
9420
192668
54360
116159
23500
1600
51339
168002
147906
106029310
92196
164781
1618
1621
138948
120237
139170
285761
131566
728597
54798
166614
1634
115265
4921
54514
55601
1667
1672
641517
100286963
27147
91614
11067
159989
26220
1607
10170
10824
64150
125704
9077
27185
104472714
27122
27121
9229
84777
65989
1745
1746
104326193
1749
1750
285987
1755
1756
1761
10655
58524
63950
8701
100996295
1770
374407
285126
729809
196968
100216544
109729113
26052
100628315
100188954
8447
100132537
1800
64180
1803
1804
151871
100128023
55211
503643
1805
349152
100131533
1806
1807
1808
10570
374946
1816
1818
644168
1825
29940
1828
1830
147409
50506
90527
405753
441056
503637
1780
8291
22873
199221
1872
139542
1879
10148
347694
260332
106481698
1842
641700
10913
10085
1908
1909
442709
100132358
442258
646837
645311
80820
79645
2202
648809
1943
1956
100507500
1959
100130566
645368
100133309
645207
1993
1995
1996
392617
101927125
2006
64100
84034
90187
2012
2014
2018
196047
2019
2020
5169
133121
100421813
107133511
150350
2037
1969
2042
2044
100144602
2047
2048
2051
57119
55380
79574
94240
1833
64167
2069
151176
203111
339476
339768
284729
790952
2104
80712
2113
2115
440695
2119
84141
132884
2123
2124
2128
101410536
2131
2139
2070
2160
285441
2149
2152
2169
2170
344332
728641
729610
84668
286499
645520
654412
100124412
25854
221303
642968
83648
221061
389558
220382
23359
144809
647044
100128385
100996415
642643
643479
9834
131583
163933
284418
375061
441332
646508
100128254
729073
100133036
171484
2191
355
356
2196
120114
79633
54751
10516
2200
2201
84467
222235
26223
115290
26232
162517
286151
2212
79368
260436
439941
55612
2242
55079
2246
283480
8817
9965
2247
26281
26291
2248
2253
2254
9982
10875
2273
2275
80206
387758
344018
55137
401720
27145
107984636
51661
360132
2313
2318
110806300
23768
23767
114793
2327
2328
388714
2335
84624
100874312
64838
252995
101929548
8061
3170
27023
442425
2296
2303
103752587
2304
2295
2290
103695363
2300
668
401089
29018
2311
94234
2307
2357
2358
80144
158326
166752
100288801
106481742
90167
23732
2487
6624
145989
11167
100861507
2509
53940
100462786
94033
53827
53826
53822
2533
2534
11211
7855
8324
8326
50486
139716
2554
2568
2571
2572
339896
51083
9514
79690
117248
50614
401960
441893
644213
100240713
100421271
100505592
150946
2619
100506834
2620
340508
8522
401472
2633
400759
2635
115361
115362
163351
2641
2646
9245
51301
9615
8200
151449
2672
8328
54438
9945
2681
729838
2692
2695
54810
126326
2700
2701
100126825
2703
2705
2706
2707
127534
2709
10804
10052
57165
57369
56287
200504
2735
2736
11010
152007
148979
101926896
169792
84850
2740
9340
2744
144423
83468
219970
2769
2770
2774
10020
54331
360024
728310
100132979
390535
653125
653075
27333
10223
84803
2719
2822
2825
2835
390212
151556
23432
27239
2840
29909
84636
2843
2848
2827
2853
9290
53836
54112
401554
2882
493869
100873881
10750
9402
400581
26585
2890
2894
2898
2903
80852
6011
101927868
2917
2918
2922
284110
56169
647177
221357
730152
100174857
2950
219409
2964
106480682
2983
100132672
727936
2998
3001
23498
9421
9464
79804
54363
145864
404037
768096
3036
594842
3038
100129402
26762
3040
414760
285834
10866
3061
3062
10870
9734
23072
391723
9843
341208
641654
390561
51191
54626
388585
23462
164045
3082
10086
11147
100750246
64344
100874452
613227
80201
3105
3106
3109
3112
3117
106480429
3122
3123
3127
3134
3135
3136
352962
83872
8091
100129940
100128227
100419978
109729125
100420044
100874482
284293
3172
3174
645950
100421384
100421389
441026
100129557
100421657
100874385
102724360
84072
101929664
100506311
285943
100133311
3198
3206
100874323
3207
221883
3209
3199
3200
3201
3202
3203
3204
3205
100874351
3231
3236
3237
3239
3232
3233
3235
51440
27306
10855
646962
3273
3269
3274
388697
9957
3290
101930114
51170
128102
391081
100289643
3316
8988
3346
3352
3355
3356
3358
3359
170572
200909
3363
5654
26062
101929447
3383
3384
29851
3400
3620
169355
3428
3429
10561
10964
3434
439996
3433
3437
100128465
8519
10410
3439
3456
338376
3474
646581
100130671
10644
646600
10643
3484
3486
3489
3490
255130
727703
147920
645553
444882
91156
646379
28320
28457
28435
28434
28433
28391
3532
644731
28862
106480274
28919
28913
28875
3537
91353
28825
28813
28796
28778
285313
147710
10320
3595
3600
3601
27190
27189
112744
54756
3606
8809
8807
3552
3553
84639
107986136
100996941
50615
58985
116379
51561
3559
133396
9235
90865
146433
3569
3575
387597
9118
27160
3624
285954
389119
3628
11172
3645
79781
107080627
100874433
3656
11213
8660
79192
79190
100288517
9636
3671
57611
140862
145501
3672
22801
3676
3678
101929947
3680
3688
101929475
3689
3690
3696
55600
81618
223075
150771
390243
126123
100129669
182
100128081
57608
8690
353219
23189
100862705
163782
100420946
166348
3736
3743
9312
10008
23630
131096
30820
3773
3759
400617
3761
3762
55539
3785
3787
57582
343450
27012
375616
115207
65987
390245
100129053
11081
100129128
154288
9729
25758
85449
57576
642683
23046
55083
374654
3802
3809
3812
55243
100505785
84063
100874250
113730
57565
114818
123103
257240
51088
3816
5655
55554
25818
5653
5650
11202
284366
3818
3822
3823
8302
100528032
3824
3861
3866
3868
729252
400578
644945
353196
353194
3872
147228
339241
729682
339240
284196
100130074
100418829
442114
3885
8687
3852
3853
3854
286887
112802
121391
9119
374454
338785
3888
3890
3857
337880
653240
83755
81871
387267
54596
91133
3903
3908
3910
3914
3915
3918
10319
27074
55915
347404
55323
27040
7462
143903
81606
3929
10660
399806
353132
353133
353135
353137
3933
414332
389812
286310
3934
3947
3950
10637
7044
93273
284576
3956
85329
3957
3963
653499
3965
163175
8549
59352
723809
10186
56956
3976
110806283
11024
80774
55679
100113403
619434
100188953
727699
727701
145200
140828
284573
388830
284835
144817
144920
283487
338864
103724386
105370183
100874173
728192
100129597
79940
58483
150135
677779
400619
100506860
221718
161342
283601
84847
100132234
440132
100861554
283486
100874055
101101772
646324
100507528
439916
641365
285375
100996930
644242
79100
285205
283547
100505967
284034
105370683
399708
100652988
100507059
338588
100507127
100507605
84856
100506412
285286
339894
100498859
100128420
732275
100505865
283867
91948
283688
100287314
100507206
387895
400946
285492
100506305
100507632
285972
154092
100507254
101929184
101928752
103689845
100144597
100505702
285548
150577
102216342
102216341
101926978
284998
100134259
440894
440925
100505633
104266958
102606463
102682016
101928151
101927017
379034
101927574
647107
101929344
100133123
101927528
401492
101927554
101927350
101927541
101927512
103106903
286442
101928287
619344
100505532
101927780
285084
104355286
100128946
104355288
103695433
104310351
105376672
728716
100506795
100996702
105378912
257358
103689918
103344930
100132501
100506385
101927678
728228
100996609
101927642
101928773
101928744
100129995
101928122
101928537
100996590
101060004
101927700
101928555
100505474
100505776
100129464
100505929
283422
101927171
400511
101927364
101927129
101927332
101929690
101929743
100506737
107178918
102724774
400841
154386
100507420
100507651
101929484
645434
100287225
105372978
101928399
105372751
284648
105748977
101929476
107985307
101928270
79160
105371226
63930
101929395
105378854
105378916
729987
284661
107985190
105378934
101927412
100132147
100507073
101927438
102723854
102800447
644838
105372288
151121
101928886
105371964
105372080
101060542
388942
101929723
105376854
101927229
150596
105377682
101927156
285043
401039
107985816
100128905
400624
107546764
105371708
401103
388406
146795
105374119
105377180
152274
105376955
105374177
105377098
101929337
105374285
105374289
102477328
101928741
105374219
101928992
105377006
152225
105371809
101926940
340113
105371295
400558
286114
109729169
111082990
285629
400533
105377443
101927228
440390
101928880
101927311
107986402
101927740
102723481
401134
340581
26082
105372950
110806294
105377390
101060498
105377338
101927351
105370439
105370676
105370681
101928767
105370503
105370400
101927363
105377424
101929027
105369893
100506393
105369906
100190940
105370078
105369860
107986264
101928137
105369739
105369807
107986266
110806276
441178
728040
105377441
102723920
105374885
101928106
100507194
105377926
101927686
105376554
105369490
100507431
105375014
111216282
111216280
100506047
100505817
101805491
105371786
401585
112935892
100996635
105378853
101927070
101929445
102724589
102723350
105376444
105376382
101928132
145195
339263
101154644
158038
108570035
101928694
9388
643414
167410
135927
101929387
4005
109729161
4015
125336
4017
4018
80350
4023
4025
9227
57631
100507055
340745
4033
29967
4038
100507401
10234
100861510
106479024
126755
94030
219527
339977
57554
84230
400761
164312
347730
80059
4045
4053
4058
100506895
100505994
4060
58530
79136
110599563
54742
101928108
4065
285780
23643
4067
66004
116372
11178
100874051
126868
84944
100533997
9947
139081
728239
81557
283129
4118
7851
256691
84441
10046
100216001
4129
4131
4133
389840
56911
9448
256714
79649
8685
105378220
100421484
4146
125997
729458
653657
284428
4155
4160
4162
199675
2122
106480229
100128990
84935
4208
100507257
84465
150365
728637
254528
284071
4212
4241
4222
4233
149281
729650
196541
728464
4237
8076
4240
4242
162387
93432
84709
4248
104502417
25834
8190
100529262
440823
4279
286097
4281
284021
253868
399959
400765
114614
100379345
104355290
104457406
107075116
554202
100506457
731424
101927081
106660610
107984114
83881
283078
101929202
90523
100873951
100874282
4311
100873918
4322
4323
4313
9313
10893
4316
4317
4318
22915
116255
100420030
54456
26002
112609
22808
9902
116534
386746
283303
117195
83876
339766
133558
359737
100133545
346470
359755
359803
347702
83661
9242
100132891
10232
692094
4478
4479
253827
4487
4495
4500
4499
4501
100420621
107075158
107075265
107075165
107075148
107075155
107075156
107075186
109729119
100873215
100506721
100873349
107075297
100873241
100873245
100873254
100873250
107075117
100873190
100873193
100873263
107075118
4543
4544
100130376
4547
10071
56667
4585
4589
4593
4599
25878
286544
439921
103752554
80177
4625
57644
4633
4635
100431168
58498
10398
4638
85366
29895
84700
53904
93649
8736
105373853
84665
745
10004
4664
100507589
342977
4675
375607
100874015
399876
100874012
606
441908
4684
1463
342897
101928161
100379142
135112
4692
79625
107075247
25945
100506555
100381202
100421734
10763
93082
4760
91624
401007
150372
4778
642996
58160
58157
4803
112840934
4804
4810
4811
22795
4815
55335
85407
85409
390010
22871
84166
338322
204801
4828
9111
391603
344887
10316
56923
4837
402360
4842
4843
4855
147111
266743
2831
64106
7827
10834
652423
4881
4883
404744
4885
4852
4887
7101
2516
104326052
51299
8829
8828
375387
4902
84618
4907
4908
4911
22854
84628
4914
4915
4922
9891
55190
100422450
119369
646208
284434
56000
64359
220323
729330
4948
4951
101929715
118427
10562
283298
169611
25903
10215
4978
221391
4986
26254
26496
401903
26534
219960
81343
81342
81341
81061
392540
441933
402424
343170
26188
8384
26737
402236
338755
26247
26246
442183
392132
392313
4995
8392
390756
504175
390136
81327
219432
390429
143503
81285
81076
81075
26343
79283
120066
343169
26664
81354
391576
442101
100131415
26651
26645
26637
8585
402249
81419
135924
81439
23762
100130821
9180
101929768
386654
344901
106480738
5009
340990
133060
54491
148756
341277
192217
9127
64175
55214
101929152
283208
132430
103752588
29943
57144
5066
110231149
100506421
5069
493913
60676
101927832
101929371
347613
64098
5076
5078
5079
5080
5081
7849
388939
54039
57575
54510
5100
100133285
56126
56125
56124
54661
56133
26167
56130
56129
56127
56110
9708
56104
56103
56099
56098
56097
100233209
5105
100129845
26577
5122
5125
105371027
255738
9468
5133
80380
100527947
392225
5136
5137
5138
5139
5143
56034
5156
5159
204474
100419185
10630
79834
57162
57161
5179
5196
5197
390643
79605
5228
114771
103344932
5246
100873942
23349
100132163
9796
5266
55022
63895
5293
101929074
23533
5292
5309
9271
391013
5321
283748
7941
219348
5324
5325
5327
5328
5329
151056
9651
23228
345557
5341
9890
5358
101927352
5359
57047
57088
5362
135293
119548
10687
29944
84968
57469
5368
127435
25812
29774
64208
10631
5450
5455
5456
5457
5458
5460
10891
5475
101060363
128192
729739
111082978
111082965
390956
131055
341457
392352
94274
26051
84152
100507444
648791
100327036
65121
440560
390999
729528
653619
65122
645425
441873
400735
440561
441871
639
440556
56978
56979
80243
5551
5554
144165
5578
5588
439949
23683
5617
5621
58510
128674
5627
5629
100505832
51334
285800
729250
100419008
729627
100131608
401137
100130613
146325
79899
340037
79057
5396
5644
8492
10279
10942
5646
260429
167681
168330
646960
56952
29968
137133
107133519
729779
100287630
653492
5670
5696
100507463
5698
280644
170679
100130889
9051
5727
8643
374308
100533664
442213
5729
5732
101929293
5737
5740
5743
5746
5744
5764
100129472
26191
84867
5787
5789
101929407
5798
5801
5803
5806
29942
221749
26108
5858
25797
84109
140902
142684
282808
115273
5880
729475
10266
91149
5918
5919
105377820
100302401
153020
255426
5923
25780
51285
9182
166863
5938
27303
100873979
5950
10231
57333
92241
5957
343035
50700
8434
5967
5968
130120
5649
389075
359845
342931
729974
442247
101929302
731220
28984
56963
9104
5995
5997
8601
131973
54933
51458
57381
79608
101927936
23504
79890
54101
9750
134701
101410544
106480869
106633802
106635536
106481817
107063536
106479214
106480920
100873849
106479265
106480959
106480968
106479232
106480984
106479357
106480483
107080636
106479438
106479440
106481108
106479473
106479490
106480529
106479251
106479519
106479534
100873464
6037
84659
284203
390
57484
285533
221687
54546
285498
106481783
106480211
106481652
106481654
106481181
107048985
106479580
6092
64221
102723505
54763
152015
4919
101927034
6098
6121
729500
100133139
654376
100270937
100271420
100271452
100271429
100129102
100132047
128709
100271623
728538
389655
729611
100271303
140716
100271630
646175
553117
100130450
100129647
100271537
100271399
130728
120872
100271225
100132061
388394
619448
645412
100216341
100271105
100130300
100271144
100129599
256355
100130786
100271259
645573
100271132
728015
127406
652411
388122
100271149
100270755
105377595
107075249
730092
6247
91543
6248
100130721
284654
340419
343637
388015
203430
64108
285093
860
105375077
864
59350
6273
6274
6278
338324
6285
795
170591
1901
6288
6289
100528017
6291
6299
54809
219285
100271893
101927152
150538
374897
157869
286133
91179
101928710
7857
6447
92304
117156
29970
100421167
256380
6326
6328
55800
6331
6332
11341
85508
6343
6344
6383
284904
730005
89866
23231
105376462
348303
6403
10371
223117
54437
100507392
100420190
346288
5414
5273
89777
5275
5055
6317
6318
5268
8710
5271
5272
221756
5270
710
5274
401613
326277
124925
6422
6423
6425
207107
84251
6446
9047
400745
6456
30011
344558
100287216
79628
255187
50944
81626
126669
85352
348378
158401
6474
57477
283514
6492
140885
23755
10326
284759
128646
55423
101929010
27240
110806289
201780
6559
26266
6563
6566
100506392
387700
57084
6570
6572
6507
6511
85413
6581
123041
100422635
28965
9154
64078
402509
154091
55532
140679
10568
340146
80723
219855
55089
221074
29986
29015
101928079
112451549
8671
6523
6529
28968
340024
6530
54019
23657
57709
6545
9056
6546
6550
128997
285195
28234
53919
28232
100506736
9353
6586
22865
6590
4093
27127
341346
644538
284422
100506115
54498
645280
23676
150572
6591
9892
6622
644248
9627
109729180
100124541
101340250
677802
677810
677822
6044
109616999
389084
780853
6641
100418981
644576
55084
387104
402381
10580
50964
6656
6663
8403
64321
54345
100507533
11063
55553
30812
400618
160824
389058
158376
728712
64648
494197
100507135
353324
83893
348761
286234
145946
246777
80309
6690
404203
6693
6695
9806
10417
6696
6700
6703
10253
170552
8406
27286
135295
284297
136263
6754
6755
136157
280657
729828
6483
10402
100874207
256435
81849
6489
8128
6769
26228
100874373
57519
6775
6776
26872
100874100
79689
373159
65975
285051
64220
346673
8676
415117
29091
101929410
56670
79783
27284
442038
391257
256979
170067
26032
9900
22987
79987
6847
6850
6854
100505475
23208
255928
401135
134864
112488739
112488740
284467
117289
6876
29114
6890
6891
100507308
23216
96597
387332
6913
9096
57057
30009
6910
255480
6918
340543
56849
51186
6939
6925
6932
100874334
56892
6948
6953
6954
200132
6997
126668
91646
253017
169966
374739
83639
401014
389320
219557
7018
29842
22797
7980
7039
7041
7042
728463
7045
7048
7053
7047
9333
100506564
387357
9473
100420484
91937
7079
27283
64129
8277
140711
7091
7092
7096
81793
7097
7098
7099
10333
51284
30012
4071
116211
100534611
7104
9032
53345
105375396
147138
8577
23671
55273
338773
114795
132332
80008
25907
81615
92691
134285
114801
399474
645369
79652
131920
255349
388335
100288797
55026
348013
59353
100506144
55076
83604
25789
137835
55321
643965
100873880
388364
126259
7111
28983
80975
56255
3371
7124
7127
7128
7130
8793
8792
4982
7133
7293
3604
8743
8600
8740
8995
8744
79931
64102
7134
7140
7143
100874256
7146
165186
347281
9760
84969
729355
8626
100507050
728629
7169
170555
122664
100130490
8460
100421420
129293
388630
80342
286753
28692
28691
28661
28690
28652
28646
28684
28680
28638
6958
28611
28609
28603
28526
100887755
6974
6978
6979
29953
283392
28951
10107
89870
23321
10346
23650
202658
135644
129868
653192
643445
79097
57093
283116
642612
399939
729384
84767
100130105
120824
642569
642425
340970
57159
642446
131405
493829
7216
8989
7222
7224
100329135
7225
29850
140803
56302
101929163
7253
128553
60385
85480
90139
10100
10077
55001
164118
646640
7273
113691
645348
347733
10382
84617
442308
100507043
100421473
7291
117581
84959
10537
100131816
100874092
652995
7345
114131
100861530
54658
54575
54580
54657
54579
54578
54570
7364
7368
89838
89837
440279
8633
54346
7348
7378
100288785
100130756
10083
645402
347716
84101
257313
2837
57216
7412
1462
105379054
51480
100874289
27287
7425
245806
389136
7431
7432
5212
7436
401491
100312803
402273
100131118
100127969
100033398
8876
81552
7447
340706
106481969
57705
349136
100131176
128488
10406
645638
140870
79971
65267
7471
80326
7481
51384
7472
7473
81029
7475
7476
7478
7484
256085
25937
54739
6846
7498
165904
129446
150165
286046
343702
7512
100861569
100419963
7535
326340
79413
81030
100131117
85463
644353
131540
51201
6935
9839
79776
100192378
132625
100873922
100131493
150142
100288659
79750
266673
84627
25925
55205
147741
100419608
57507
285349
100130934
63934
100128252
168417
440077
388523
128611
222696
201516
646698
151112
673
6714
