18
26154
154664
85320
94160
150000
6833
9619
64241
171022
145447
125981
122970
641372
8309
116285
142827
79611
68
74
391026
51816
171019
103689846
80070
642394
108
196883
111
84059
131
9370
10974
150
3899
119385
10551
155465
189
64902
57379
1109
22977
213
10840
222
200810
647415
247
59344
259
219287
100420921
273
155185
55908
255239
391267
729171
91074
374860
642460
390616
23783
57101
203859
50636
8416
26
344454
100506013
55911
347
319
89872
367
374
319102
440461
158763
343578
100130693
101060171
100130871
100128574
10777
92714
170302
142685
121549
100736411
40
51802
431705
479
477
480
489
10396
51761
6315
192134
124872
601
317687
55024
285696
400500
8537
54828
596
100133163
55859
8419
85003
347359
655
644684
149428
106480323
51297
140683
317716
92747
80341
149954
676
339479
106480743
101929425
79908
387638
282966
143379
374470
283897
146556
400591
146723
342918
127003
400793
140873
128602
150297
130813
727964
57415
27202
135398
106480731
286189
100616530
389649
414318
401546
56934
771
762
776
8912
8911
9254
786
27092
253559
799
221301
816
820
11131
827
388743
10753
9607
643714
57828
863
869
147381
100128723
151278
339184
100129792
221262
80129
729665
56936
374864
101927581
84960
256369
160777
160762
114800
885
6361
1234
1237
166979
100128845
1008
1011
1016
1005
1041
124359
388551
1048
1087
1050
27442
283848
26074
402160
81494
1081
1101
338591
8646
1137
8534
64377
117286
130106
642663
1154
4435
9635
160364
10143
7123
9022
54102
116933
64084
1191
205272
152330
26047
1280
646300
101234262
57094
27151
131034
1373
119587
84766
283229
54544
90993
148327
1396
167
10321
728763
1428
1440
114788
161635
140880
1470
1472
1473
128822
196993
30848
1501
23316
653108
440224
9547
3577
3579
80319
1548
1549
1556
171427
22952
171523
126410
54055
107133497
284233
11283
163720
375791
117154
340578
138009
117159
85443
1641
650560
55510
110806268
400830
123099
64798
10202
1733
100628307
1740
284215
1758
728656
123872
1769
27019
100421542
7802
58511
57628
389023
138971
646701
442523
165545
145837
1826
100506492
10281
84677
101927718
51207
1846
143241
84332
83657
60401
128178
100130211
1917
442325
79825
106660614
1960
253314
2003
80237
9844
54898
100506409
51705
8909
2025
5167
100421805
100421806
100421860
2045
2046
55040
2056
2078
127254
101929441
85314
147664
100271846
2099
100129515
55224
340602
2155
2167
2173
23017
79843
51059
653316
100874375
83656
400823
90050
27146
285505
392307
114515522
643161
100133093
442444
441315
100216479
2203
2213
2215
80307
90342
654463
157376
389549
154860
2867
2255
100129662
2249
2260
2264
100132735
441410
2322
2331
158521
219595
2350
3169
349334
8456
121643
139628
2359
341640
161835
2528
199920
105370431
2563
2566
104797537
10912
2543
102724473
729447
64409
11226
442117
387491
389970
100240709
100287725
2625
399717
54857
79153
2674
2675
728441
2679
92086
2690
392465
8001
441509
2747
401708
392305
92292
389396
149775
346562
27232
51206
643219
170589
124274
353345
4935
26996
54328
2844
9283
9248
100631252
100631251
100631247
9687
64388
2892
2897
642976
2899
2900
2914
2925
146395
2940
2944
442245
2949
11036
101927126
106481734
121355
2974
3000
3034
3046
27198
3055
154150
100996738
283987
102723641
100874477
3118
3120
3158
100874444
100421353
100131609
344697
100421399
101060039
100421433
106480234
84525
3211
3212
3249
3263
3270
11255
222537
64711
266722
3292
345275
84941
106480803
27129
26353
645548
9177
3381
9543
3485
3488
3494
3502
3503
3505
28432
28420
28912
28834
28784
28779
84966
283284
150084
3598
400935
29949
50604
246778
100132166
729101
106480272
3623
27124
3642
642574
8471
3670
3681
347365
142683
9452
389434
152789
105376762
3738
3742
3746
3747
3752
3754
3756
100874296
90134
3767
3768
3760
3764
3778
101929328
3779
27093
3781
157855
202559
285600
57535
113220
3805
9365
100133321
106481672
57626
43849
354
346689
148930
100130158
448834
3848
100418770
644030
107133513
3849
643115
3881
3882
3883
3884
8689
8688
8686
319101
126811
342419
390610
391155
100887067
106480676
85285
387273
440021
57830
338651
90070
102724820
100506195
9215
286256
197257
388633
9211
431707
79167
8825
145978
54064
193629
399706
100499171
246705
100874145
100507428
285708
284749
201853
400208
619351
253128
400238
100130231
400084
100271702
401260
100505659
728342
101929520
100287879
100507584
285577
101927715
401164
101927994
285501
101927590
100507267
348120
401082
101928022
101928276
102723927
116437
103724390
286184
106144584
254099
101929120
100131138
103352670
101927821
101927796
105373144
101927134
101928340
100130954
101927396
101929397
101927457
404216
89758
401289
105373054
107985463
101927722
101929181
101929350
101928233
101927973
284825
643355
102723442
101929023
107985167
101927244
400685
101928765
645949
107986480
727944
101929378
105372011
102557615
55338
101928738
105377007
100996624
100129516
100505878
101243545
101927274
105371828
102723567
101927207
101929450
105447648
100996345
101929505
100996338
102724392
101927153
101927280
400958
105377466
100506085
101929080
105370422
105370479
644919
102724917
105370158
400046
105369900
100507175
102724933
105370004
101927282
102723828
643623
105374895
102723344
102725045
100508631
101927523
114515520
105369436
105376647
8513
55885
56203
4010
164832
57497
4036
389816
79782
101929254
400794
646168
120892
54674
654429
100303745
729862
4062
101928226
119180
89876
4100
4110
4107
101410537
139422
645864
286514
392433
340895
225689
5596
317686
4137
100128977
100421550
2847
286239
391436
56955
645641
121952
641515
100419614
441355
100128537
109729174
284757
284424
254559
126353
7682
400058
106480724
79083
79258
4326
56547
27136
254956
105376609
255027
116512
341116
219995
58475
343930
107075168
107075284
107075134
100418834
100887749
283463
4583
4586
112577518
118430
100873904
54043
91807
9430
64005
4654
4656
51778
196446
25924
23040
51237
84779
100885778
4674
9
9027
100507044
343505
4685
392517
149934
729490
4693
102546298
64579
106479051
102724853
100190952
341676
81832
4761
58158
340533
100419006
100418983
440225
442290
348938
79570
7080
100506237
91662
51314
643276
9722
100420260
4857
100420829
100420830
56654
390411
399804
100422309
100422284
4886
4889
8856
2494
4897
10718
9378
9369
326611
23620
100422445
91181
100131623
55998
120400
30010
54959
146852
387924
101060020
10439
116448
81109
26742
158131
442361
393046
391191
81079
79306
390836
283694
79339
282763
403266
81278
81270
340980
390081
81264
79473
390072
390075
81248
390445
81193
219487
390012
10822
403219
392194
9431
253933
26628
219445
8586
283159
26494
219865
392106
100874206
202459
283310
347741
56914
150677
22953
27334
101928580
645974
390748
29993
203569
90737
25891
116337
25849
139135
5075
5077
59351
728606
100505495
27328
57526
56139
56145
56144
126006
5121
654790
5126
27250
5174
29951
157310
345016
100420567
100421136
114770
5239
572558
5241
221692
390311
162466
128344
5301
5304
644139
168507
5569
26279
106144526
123745
255189
117245
389033
100874035
400224
440107
57475
5346
440503
196051
54886
91584
133083
114824
109729146
100996331
100287399
388468
317754
404785
23784
440915
641455
11281
100689074
5470
8495
105369192
442256
5521
23614
5542
442239
100418955
100128712
57580
10216
5618
5630
222171
79170
400612
124221
768239
8000
5678
130700
388925
646085
100533665
5733
374462
11122
5816
791114
139221
260434
149628
25837
100420734
84084
100131320
9207
10742
138046
202151
51195
51655
221002
282996
221662
5948
8608
9400
92840
28954
100874290
5979
254958
653042
222546
6004
26166
85397
6010
388
399
100462811
100462810
114822
284485
140730
140876
6014
196475
106479142
106480917
106479284
106479318
106479346
106479354
106479368
106481034
106479372
106479383
106481069
106479468
106479480
107080654
27289
376412
138065
100507650
100420924
106480194
100873860
106480169
101954267
6101
389990
100272220
140801
100271406
643550
399670
326278
6143
100270951
646255
392557
646532
319145
729277
728207
100271491
100271308
729909
140751
140696
100129991
8488
100270907
645054
100133100
728128
100270823
442242
100271217
390413
56475
100132372
100271549
100271553
100271087
643003
100271570
100271584
100270913
100130980
729150
100129199
170529
100131161
643954
89765
6252
132112
344892
862
6258
55511
100130259
344658
101927777
646643
10647
4246
4250
10590
388325
11280
57758
195814
121214
80343
6414
105379132
6407
168474
646913
253190
5265
256394
5267
866
5276
100287822
100419187
100130014
389376
253970
653509
729238
6441
105419997
118980
6445
56961
387914
152573
388336
6476
100874005
54847
100874030
114132
284266
8778
946
27180
150622
112543493
391037
6557
9058
6564
10786
10050
6506
6512
387601
9376
25769
83733
644159
153328
442255
1811
144195
169026
285641
30061
80736
84179
115584
60482
200010
157724
6542
23428
6549
728990
9368
6579
10599
342618
388588
100505989
389332
388820
10924
10879
6623
100505806
101927305
619499
677815
26783
26777
6079
100288596
119358
100419042
100418972
100419005
646442
8435
100128299
54937
114815
134548
100505996
6657
6658
200162
9576
6677
728695
64663
132671
441452
642864
284680
100288739
25803
387778
27290
11005
646424
162540
6698
6707
165679
149563
6725
84530
6752
6756
6757
100422605
8869
101928113
10809
8614
246744
55351
401236
9515
6817
151234
203328
55530
93426
23546
171024
79933
341359
143425
6866
255061
6886
259293
338413
6898
100420458
219793
23329
340501
256536
9623
27004
157739
6999
150483
146279
26011
283847
54997
56159
56156
105376230
7021
7031
7032
7033
7054
51298
7069
79875
101929196
257000
84076
100101405
283352
124842
441027
646360
55365
388021
100505993
161145
100289255
169693
120939
144110
339967
132724
5651
644962
10140
400604
23751
7173
51673
25823
650474
644623
646193
101927990
54210
6966
6967
6983
7200
9865
404024
10612
135892
445372
391714
162514
10665
23554
388951
143941
22996
102724097
319089
284076
7276
7278
79861
645668
400128
50613
143630
7365
10720
7366
7367
54569
54490
7363
7369
89766
57578
11045
7380
131669
10791
57687
51481
9084
353513
7433
100874007
7434
100312798
100312830
11326
284415
222008
127731
7451
100128260
340390
164237
124857
65266
653220
653067
170626
7494
7704
101928604
23217
653808
124220
7547
23619
79698
7757
441843
414201
101669766
167465
90827
100288042
79818
163223
80139
646864
100128853
91752
219578
100130879
22917
7783
1432
8682
5925
6774
10413
4904
