26
55365
6542
170302
799
3883
6833
9058
1087
9254
7021
389434
3670
477
9369
1373
3381
1008
140876
57101
27146
55885
55040
340533
5733
57475
114800
2155
816
8537
2255
2046
2213
54847
489
771
6557
2249
27092
479
827
1641
9576
2260
273
108
27334
9452
80341
862
51207
10590
55510
3781
1005
4036
5241
3034
6579
79570
22996
51314
51206
28954
80307
6564
54997
26074
6476
8646
4897
1811
2099
23428
51816
3881
120400
10321
57828
126353
7494
8911
5816
7380
5267
10202
140730
655
11255
1137
1917
80343
3055
1472
4935
9248
27328
347365
6445
79153
869
6361
7783
1428
6101
56961
23217
1048
23546
946
8778
51298
11045
3249
7434
23554
6677
11281
10551
259
56654
2625
114815
9211
6143
1440
51195
8688
9400
51655
40
3882
3292
786
9368
8456
7365
54959
374
7704
3263
10612
6506
4250
341359
8825
79611
23316
8909
23329
57379
221692
221662
202559
154150
2690
79908
2566
64902
5618
8614
5948
5276
79782
57415
27136
79825
1154
7433
92840
3485
3488
8869
6549
79083
60482
7173
25823
57535
10216
2494
84966
26279
200010
7276
646701
3211
80129
56159
54937
1846
1191
85320
3764
119587
2322
2331
4656
30010
27290
27019
653509
2974
58158
3598
3623
79843
57580
343578
6407
128602
64377
10396
4693
2914
29993
10786
25803
27232
1769
54210
167
10647
4246
6725
2892
5075
140880
5126
56914
4435
140873
92747
2925
2867
8689
65266
117154
6756
30848
55998
2847
389549
80237
4654
3746
27180
196883
3169
353513
9084
863
84766
54857
55908
10912
2056
3270
10439
22952
140683
60401
3884
10742
145447
3000
26166
480
222
51761
9365
8471
55859
9215
728441
6441
84332
11005
57578
157310
2944
2949
3158
81494
10599
6658
219595
27202
54490
2045
1081
5630
90070
23017
10753
85397
5077
64005
7080
1101
113220
4010
11131
676
9635
58511
30061
64579
1280
374462
121643
8608
11226
84530
319089
4857
6252
90050
91807
94160
10140
54828
5596
147381
117286
29949
91662
354
79258
6258
6004
8416
3756
91181
148327
89872
55224
388
64241
9027
165545
3899
26154
152330
8856
10840
9515
8001
1016
171019
9547
153328
3779
10050
50636
135892
142685
158763
51059
54886
91074
10974
25891
26011
9177
2900
92086
9376
22917
170589
57626
27250
150
161835
1740
130813
341640
84076
119180
3742
144110
7069
343930
6999
729665
2674
26353
6014
1758
56955
55351
152789
146279
55024
146556
123872
116337
163720
157739
5239
5651
4685
56934
11326
200162
64798
9844
25769
4107
7363
3778
5470
84779
118980
2528
5521
57497
3681
7547
255027
203328
776
139221
2078
90993
130106
114822
64084
90737
168507
142683
127731
115584
54102
131669
51673
5304
27151
9619
7033
7032
7031
89765
7757
1234
2264
114770
117159
114132
388325
64711
124220
6886
6512
148930
22977
431707
339479
729862
2215
50604
3754
3760
150483
132671
151278
149428
6707
56203
3577
149628
213
85443
7123
2899
7802
6010
51705
820
4886
4889
202151
84059
166979
9607
2173
221301
169026
114788
157724
79698
57094
2203
138065
57526
158131
2350
140801
219287
120939
5979
143379
283310
29951
3747
139135
55530
654429
219793
196446
79933
101927581
81832
317754
8495
124359
10143
116285
197257
5346
92292
6866
58475
374864
219995
124872
79170
56547
282763
762
8000
162514
3848
125981
8435
283987
25837
117245
8309
123099
11280
399
2675
83657
164237
80319
10791
255189
23620
84179
51481
367
25849
146395
390445
7369
6698
54544
9022
1501
260434
25924
9283
866
255239
2167
1473
1470
91752
222008
121214
51237
164832
345275
121355
284076
143425
195814
143241
8419
7200
56156
392517
5569
2897
10879
3752
170626
9
392465
84525
4761
1826
203859
284680
57687
93426
596
126410
160364
51778
171024
143941
124221
189
348938
118430
10924
27289
341116
283848
3849
116512
10777
160762
54674
142827
80070
111
144195
6623
128822
3642
155465
27129
124857
162466
26996
3212
128344
2940
26047
442117
9543
642976
126006
5174
155185
653808
132112
253559
8534
642460
319
57758
57628
143630
50613
256369
253314
400224
255061
222171
138009
256536
286514
284424
4062
158521
404216
3738
89766
122970
56475
283229
139422
388951
100216479
167465
152573
246705
79861
768239
150677
282966
392305
284485
79818
127254
283284
414318
374470
59344
81079
1960
247
340390
9431
154664
127003
9378
1237
7054
124274
6752
319145
387914
374860
3579
64388
390081
79473
390075
390072
225689
9370
81248
124842
55511
6657
169693
8513
219578
146723
168474
645864
2747
83733
347741
5121
18
150084
388468
79339
160777
317716
253190
5678
283694
80139
89876
149563
10281
8586
3768
54328
116448
645974
83656
90134
146852
349334
138046
389816
55911
641515
728656
286256
222546
27124
90827
100128260
4110
285600
64409
162540
729238
266722
254956
10718
100131138
100505993
132724
283897
319101
79167
149954
128178
285641
400830
4674
43849
23040
11283
4137
256394
344658
353345
339967
391191
885
2359
3767
440107
404785
646643
27004
340602
79875
2563
340980
22953
121549
199920
123745
643161
400935
2844
388336
441509
346689
431705
120892
401546
3805
347
729447
284415
100133093
100287879
23783
139628
200810
11122
163223
389649
9687
389376
283159
131
131034
6817
165679
8912
387601
7366
84941
27198
284266
92714
341676
375791
5265
135398
246778
399717
400591
2679
400823
5167
26494
7367
54898
7278
84677
23784
1549
161145
442444
51297
340578
85285
344892
192134
64663
4326
1109
6898
4100
4583
100129792
114824
221002
9722
134548
106480194
26783
106480917
100873860
642574
100507175
100462811
388743
100128537
448834
221262
196051
282996
642864
389396
388633
401260
347359
10665
653220
653067
80736
440915
1041
387273
116437
653316
387638
387778
340895
392307
56144
390748
254958
339184
283463
641372
642394
2543
150297
440021
402160
317686
6079
619499
106480169
101954267
1733
28784
28779
28834
6966
6983
3494
3503
3502
28432
28420
442256
2003
1396
442239
107133513
84960
643276
9623
100240709
205272
442325
644159
100420734
10720
442290
388551
3046
389033
391026
653108
346562
440503
10809
100270907
100420829
100421353
654463
253128
219445
728128
100130211
340501
4586
285696
157855
102724473
100507650
441315
193629
100133163
391267
343505
643954
114515522
442255
101927722
442242
100422605
442245
100533665
729277
68
106480323
677815
393046
138971
91584
442361
84084
641455
106479142
106481672
161635
107133497
257000
106480676
254099
414201
727944
101927796
100129515
100505996
100420567
643623
101927994
102723442
644684
100128299
102724853
572558
100506195
26777
100130871
196993
101928233
8686
100131320
387491
105377007
106480234
100736411
101927523
105373144
171022
100887749
100129662
645054
646913
728763
101929378
100420260
389990
101929425
54043
100422284
728990
647415
101927126
6967
106480731
642663
728695
100874375
140696
100420924
401289
100631252
390411
100421399
100421542
23751
8488
344697
646300
100128574
54055
284757
107985167
170529
9430
26742
119358
101927777
401082
643115
101927244
729171
74
399706
100996624
101929254
5301
253970
399804
646424
645949
126811
101928226
100418770
400604
100287399
100874145
105376230
645548
286239
6315
441452
100506409
154860
100499171
392557
101929441
646532
401236
101410537
100419042
54064
81270
100130693
285501
101928604
140751
399670
100132735
643355
100271308
387924
100190952
100287822
101928765
392433
150622
284825
100874007
9207
100874206
101928113
107075168
3120
101927590
100885778
101929023
403219
400238
100420921
101929397
81264
171523
644139
390012
55338
100689074
390413
100996331
338651
101927821
100130014
203569
100874296
107985463
102724820
105376762
100270823
103724390
100507428
100874444
389023
342918
100271702
100506492
388588
100420458
441410
101929350
89758
442523
130700
646193
101927990
100418972
149775
284749
101929181
101929520
390616
729909
100130879
105373054
104797537
342618
388925
403266
338591
391155
101929328
404024
101927973
391436
601
100873904
646255
389970
100129991
101234262
171427
151234
100131609
100130954
400128
106480743
100128723
101927457
101060039
101929120
400794
100312798
643219
3118
101927396
400958
100420830
114515520
102723927
646360
100288596
101060171
100130259
100130980
7682
100271087
116933
27093
100874030
100874035
100419187
106480272
107080654
100271584
400793
106479468
100418955
28912
392106
149934
728207
106481069
100271553
101243545
106481034
100270951
100271406
57830
81193
106479383
6757
106479318
7451
100271570
27442
100271491
100270913
729150
391037
100133100
11036
100462810
100271217
150000
100132372
106479284
344454
643003
101928022
388820
100129199
202459
646085
100507044
100131161
110806268
326278
100271549
646168
100874005
106479354
2025
643550
106479368
106479480
100130231
145837
1050
101928580
105369192
101927282
100288739
285577
101929505
345016
100506085
100506013
201853
81278
285505
654790
100887067
728342
100505989
286189
133083
105379132
283352
1011
643714
441027
400084
100419005
100507584
401164
101927274
103689846
106480724
101927134
101927207
100507267
644962
90342
100421805
100421136
100287725
222537
283847
85003
56139
391714
102724392
100505878
100130158
285708
6414
100505806
121952
101927280
645641
100421806
100422445
102723828
619351
644919
106481734
650560
5542
101927305
54569
100505659
100419614
106480803
101929450
100506237
286184
3505
100616530
112543493
157376
103352670
107986480
102557615
107075284
102546298
441355
59351
10822
105376609
401708
106660614
644030
106479051
392194
105376647
112577518
219487
100101405
219865
100421860
56145
254559
105369436
9865
400046
101928340
196475
1548
338413
259293
51802
1556
100874290
246744
26628
105370431
105370004
102725045
100303745
390311
105369900
101060020
102724917
400058
102724933
105370422
100133321
100418983
326611
101927153
317687
100288042
445372
105370479
101929080
348120
100628307
100874477
319102
388021
440225
400208
109729174
81109
100422309
102723344
100996338
145978
390610
100421433
100131623
791114
101929196
105447648
107075134
105374895
650474
106144584
342419
101928276
727964
376412
284215
100996738
102724097
100508631
100996345
100132166
400500
101928738
100289255
102723641
106479346
646442
100128977
106479372
100128712
400612
729490
23614
79306
728606
645668
440224
105372011
284233
101927715
100631251
102723567
390836
101927718
100505495
85314
105371828
440461
400685
56936
100128853
100418834
646864
100271846
100128845
441843
101669766
100312830
106144526
147664
23619
729101
109729146
653042
100419006
100272220
100631247
100421550
389332
105370158
119385
644623
105377466
100129516
253933
105419997
