64102
3075
9957
51384
23072
843
952
85413
3207
4222
30812
1750
2115
55001
10344
10083
10942
4843
1770
8522
8277
5080
2328
9235
5081
80342
5646
2534
9902
5329
1634
57709
5010
10046
923
1800
22802
25937
8685
1591
6591
3082
25960
864
2273
2554
330
7431
355
960
56895
3645
9047
7133
56938
4593
57514
57554
79645
26228
5009
6570
7092
1462
729
11063
3371
54875
2042
80243
1356
6098
9734
10659
3604
2006
27122
10319
79931
91522
60529
728464
4065
5798
2296
131566
6317
639
3918
5923
2769
23504
586
11178
7478
2983
1001
416
4058
124925
28968
10077
58524
10402
4804
2139
9627
1117
10203
9340
54763
4638
9892
1308
5588
23216
6550
51208
348158
7216
2182
221395
51083
4129
54626
6343
6559
29850
9448
28951
28513
55679
7224
29953
54456
8626
1183
8647
10170
922
5743
10644
30009
2736
9891
55205
3785
10371
119
6624
5076
5362
4162
27127
4133
27074
2191
3205
117
26281
57644
1015
51661
6507
2037
26002
6344
8671
50700
50509
1136
2920
6932
4208
779
3595
2533
1310
4986
54437
1833
2950
1307
2646
2122
5243
231
7481
2196
5475
7462
9509
28983
1071
4313
22795
5744
79822
54498
56265
2160
55423
1114
6910
4842
53827
9843
3383
11213
55214
23676
23231
7018
79776
57084
1357
4345
151887
4625
1618
6913
1299
1808
7042
2568
2327
1592
10580
53904
284422
5125
8829
56952
1943
9127
6545
4242
3957
3956
6663
6523
8542
9402
1690
55195
145501
79890
4318
140902
3172
140862
51378
343637
128674
85366
10326
55612
54363
10398
140711
57144
182
671
140679
10406
26051
57119
8736
9388
25878
4281
91851
8406
660
5358
6247
282808
9468
27286
3356
2254
28984
84935
10562
10232
3038
23406
83716
260429
6299
50615
6530
366
10391
51285
4948
9333
23359
51201
760
8989
10404
793
6422
5327
27121
8840
312
2515
1082
10382
3743
1158
11024
23581
6511
898
10148
25999
56344
3036
26291
5143
1311
495
25789
1021
7980
3696
8701
1749
5764
22797
858
857
4233
7472
3198
3199
3200
3202
3203
56311
3209
2128
2051
2692
6369
4885
5803
5078
5919
165
58498
7461
79937
1842
7091
23189
1993
57582
768
169792
6456
8029
9806
59
2253
5309
1562
7473
5414
100421473
3384
6354
6347
5957
5197
23321
683
51088
25854
10891
1410
120237
1075
56253
337
25758
921
29125
55553
5450
84867
969
51411
51561
2735
81029
4633
3736
11211
28234
2998
6489
10384
29940
84830
135112
9750
112744
9308
2740
653
9532
6492
11149
1297
2822
8876
2070
55084
7101
54346
3910
53405
10279
9096
56133
730
4015
9421
26167
56130
56129
26762
1004
4883
28965
2246
5159
1044
3274
3273
10686
152015
7348
57088
7134
8745
3552
6364
7535
29842
64838
3676
5136
2641
79745
55704
33
84141
2202
5967
2335
2744
150572
7475
8809
8807
23683
25797
1746
5341
390
50489
5396
7143
2882
60676
7827
26232
5321
65121
390999
79971
5997
6121
23046
4811
84618
51440
10000
81849
23266
4237
81569
2635
2633
57576
1380
64175
8643
388714
2152
356
3290
9890
5629
78989
4317
8828
9331
4033
27145
84251
5325
7128
6446
1490
118427
6696
5918
140803
9615
286310
5228
4053
114818
25927
53335
3437
3433
1369
6425
11172
29126
80177
64411
56126
56124
8995
89866
2853
3762
8600
100507135
4093
7045
83468
65122
9227
113
79370
55211
2703
91614
10804
2700
3061
2170
8743
22865
80008
22987
7512
5737
80820
4852
84668
3204
3624
7291
152007
8434
23349
800
5328
9469
80114
1959
139741
4778
1621
80712
92552
9111
7130
130399
55509
50486
3759
722
164781
116255
140690
5266
6590
3787
84969
128611
1908
5740
5105
81030
27189
64344
696
6954
57699
51299
860
221391
6372
2069
84767
745
7471
4495
9271
55026
652
5732
10485
56751
3802
3553
7849
8744
970
718
8740
7053
3170
56255
650
23767
164312
6939
55321
128646
8200
10893
154796
84063
10870
60385
3346
6776
57381
5858
2123
554
59353
144453
5787
155051
56302
26664
27190
10875
79689
2770
9514
29774
4248
5880
3976
84645
3872
96597
51200
7425
2318
10234
3231
3232
2571
3235
3236
3237
3239
58504
57705
8854
3671
23746
5655
11202
79649
1028
1013
3929
79057
1264
341
57631
1804
59272
1463
9210
65975
113730
81061
7140
1289
9473
83854
9104
9590
83639
6370
3620
117248
94030
9945
10266
79652
56033
765
4131
3885
84152
147228
83636
84034
10346
10086
79781
84674
64208
55915
53940
54739
6754
10763
1401
79368
23208
91703
23743
163782
56923
2835
1131
1116
59352
8900
94240
10631
2048
85329
84700
284904
4922
4017
27299
83876
4064
3656
8536
10752
4212
10100
26191
4803
91543
129607
6289
63982
2922
3559
3601
2012
3824
4038
4544
1830
1828
1825
80206
29015
5156
1284
9071
22873
11095
2113
219855
301
29968
8728
4951
375616
577
4907
112609
79899
4005
8676
8291
183
3915
9290
1144
81618
5270
80326
1593
10913
160428
84101
5100
10253
10643
3569
313
1607
80099
11173
80774
64108
6326
6332
640
84639
55997
274
2572
7111
7099
2516
1515
90865
27240
1761
5292
27283
3062
2295
347733
9982
7097
84709
55601
7225
4316
9313
23650
53826
4322
834
440279
22801
64220
10017
10964
54810
10561
57159
9023
10660
5950
53836
140766
84665
6775
4664
65061
1134
84692
8483
51191
57575
153020
84803
2247
22915
7222
80144
306
4547
2201
85352
64098
144402
53919
144165
55089
11010
8549
4060
11081
144193
114795
112802
196541
57161
145407
123041
10516
90527
405753
50506
9245
9051
597
1583
1543
80125
145864
51458
4240
8128
7041
85407
10164
84166
170692
123920
1009
161931
93649
64180
10351
124773
2774
116
6563
23533
8792
773
10410
1291
1292
2014
81794
84467
9032
57333
63036
29943
1969
58985
63950
10136
3491
64129
113451
343472
23432
10223
6846
84944
387597
1805
2212
83872
56956
84072
255928
6278
58
7044
151449
130120
653192
129868
7851
165257
643445
2840
23671
1745
5746
339768
151835
80852
27303
339896
3680
6769
23066
54756
285349
1295
29114
141
83893
116211
4585
9353
2044
57205
201780
6622
115265
2169
6423
285533
56034
85409
170690
54491
9180
3001
635
1393
167410
5066
85480
3950
91937
10814
54438
353219
7941
255426
23500
90523
51302
167681
135293
256380
134864
154091
7432
6581
9586
1956
84847
3486
3484
346673
285888
27147
57393
30011
83604
347404
4478
8852
84636
53336
56000
3358
2719
55790
8973
8601
245972
1807
29967
340419
56169
7436
9350
1030
1029
4915
286204
3934
221061
221074
6935
92211
5995
27063
3363
64106
1586
9118
8038
2620
6291
710
79780
85463
4684
283208
80332
9651
6876
85449
64405
8091
53942
51267
283078
3688
79097
23284
116372
10666
341032
3606
23657
9472
55821
65987
127124
5458
1909
1646
10570
27287
3628
2313
79750
221336
144423
166863
29970
460
81615
5457
6695
285313
54514
165530
25780
200132
387700
56978
651
654
343170
5801
6328
55079
221393
112616
5789
154043
80309
3773
55022
163175
223117
10750
83539
56172
84959
64221
25890
284
5578
201134
5169
7345
83648
115362
118611
728577
728239
135295
23643
140578
91133
5137
11096
7476
23228
147495
63895
348254
2047
81552
346288
6566
9056
9947
2890
7273
151254
8324
114
2334
286097
9508
257
419
9154
56911
9073
8817
286151
80201
135228
219970
3532
729073
81626
491
6529
134285
7079
6854
4323
6483
146433
55799
134265
90139
4599
10568
176
114793
150946
84465
7498
199221
22808
54933
57477
912
1358
1780
978
9507
336
7484
57685
9900
2695
57369
70
23562
283748
79190
715
57519
114771
221188
374739
10417
146206
10020
8392
252995
1409
139716
3689
6285
3933
125965
1141
1551
54742
136227
222235
92304
113691
114757
3678
126123
50944
3890
3888
146849
146325
6755
254528
9965
1996
26027
7809
54751
374946
10630
126755
4146
249
9077
91624
8707
22854
115361
164045
2672
343450
7412
57863
4921
57216
25903
55083
23498
27185
150596
347730
4760
2487
151112
72
7447
2019
129446
27306
93082
1520
4487
6703
9938
7039
126668
7855
250
251
118429
151556
92196
9076
1293
886
91156
11167
92691
3490
285025
1412
7048
151871
5274
3428
9447
1493
29851
56999
5806
26577
2921
6374
5196
2919
57047
1359
285126
151056
7047
348807
646600
131540
4241
133060
79012
8492
11341
9464
132332
140458
152940
3600
10085
651746
56979
117156
6690
493869
133121
64167
1879
7098
3818
94234
154386
222611
23305
1437
2898
115004
30012
285761
114801
116379
168002
133396
57057
26223
219557
26872
23462
117289
1278
84624
26266
64321
256979
136288
3174
4982
157869
2020
27012
1672
79870
115908
158326
84688
6850
55335
137835
256691
216
136263
79987
135927
158401
120114
159989
7253
1073
2706
11067
139081
58157
1045
644168
51339
402381
90167
8328
57608
29986
84659
55701
340706
143872
341346
3429
642425
5654
116173
2200
552
55323
79827
55800
116159
55273
8710
5271
79608
79283
146227
201161
1014
4160
89777
89832
80975
644353
3359
4837
100128252
374654
290
6447
26585
83661
375607
150365
54578
57611
125336
81285
4025
84940
558
3903
94274
85300
126259
64359
3816
25818
5653
3489
388503
147138
1581
284110
50964
10004
283129
286133
5368
3761
5729
165904
732275
6890
4543
649
9796
8436
1281
8749
8313
3575
128488
6474
8403
57507
80723
57093
29091
3965
221749
5650
345651
55130
255738
343169
284654
3627
79628
6373
154
8988
126669
204474
64100
6037
4881
3576
169044
6383
1043
83987
9839
2705
646
84168
56287
200558
1816
22871
219409
8460
7104
795
4071
2848
57484
245806
3233
147
3316
202865
2018
1469
166614
136
9119
286887
121391
5272
79192
1000
9229
349152
26496
26343
54360
112464
1901
26108
286046
2358
2357
238
4902
4589
7364
3866
8687
3857
65989
280657
84230
133558
59350
10316
5293
170591
344887
1296
4815
3456
5621
146
554202
7857
27023
4118
5968
794
6356
6641
5617
3400
64581
8708
10231
142684
5139
387357
29942
81341
9420
130
150165
100288801
344558
727936
132884
54796
10855
126868
10655
79625
1600
6288
79834
8793
27284
26737
10149
56667
26032
91646
27333
114897
375387
169966
253827
81793
7096
10333
6403
148979
55584
127435
340024
219833
253868
158038
55554
266743
1240
7368
57124
2015
29909
147409
28
1466
1474
5122
4023
390212
10008
57010
8061
79783
1818
100132979
158506
797
2
647044
84617
23630
2290
150350
1149
80059
390429
285800
28232
84002
2300
2303
284573
360132
56892
51301
387758
440556
157807
493829
162517
219285
203111
284119
79413
51480
79605
121273
25945
56127
389812
286234
254228
89837
170572
404203
285498
810
114131
258
441893
80034
115207
285668
415117
151176
389336
54546
9242
2304
653499
132625
286499
3355
256815
284034
388939
203430
135924
3352
2918
122664
388394
80117
2307
144809
117195
126326
204801
55600
284297
284418
390756
100132116
66004
29895
8092
284071
223075
2619
219960
201516
221687
5551
1132
119467
391576
186
143503
389840
27319
283422
2149
352962
439941
5179
389197
341208
2837
55076
221416
260436
54112
5324
2827
575
414196
285195
94033
219432
81327
389756
25834
283116
374308
220382
375061
30820
8633
386746
56963
401036
348378
2131
326340
338322
55137
388364
653657
716
120066
196968
128553
633
2242
387332
439921
337880
389084
414194
4692
9312
389075
340146
5069
2894
221357
642643
345557
50614
56849
10052
6656
199675
6546
1538
166752
163933
119395
338773
25812
4166
147372
8690
219621
163351
341277
2275
54101
2903
8302
54988
390243
54039
200504
100130613
2825
221718
359845
7378
4978
10186
2831
344018
123876
390928
668
90187
283298
221303
29944
55243
6331
340075
219527
131096
256435
220323
220
338324
6586
116534
256714
1435
84441
127550
254240
390664
348013
5627
352999
284467
9074
644538
23762
286753
51334
1188
375318
338376
6092
339766
133491
23768
100132061
131583
4887
83881
162387
653437
390535
7127
51186
147111
123103
6948
3854
4919
4045
113146
169611
145946
389119
338785
4908
105
3434
10320
2124
8519
392540
84856
257240
5727
255022
8660
881
6011
93273
3852
200909
199974
353135
4675
342510
353324
375719
54331
11118
5138
646837
339761
7293
339241
3868
348303
3861
129293
84109
2248
338761
1645
4501
81557
349136
171484
63924
387763
1282
2701
401137
392636
340665
342977
341947
101805491
9636
404037
84281
6572
166348
374407
278
124
125704
391723
388335
388960
164118
1755
414332
100996415
391013
222696
285093
6274
1180
284434
10123
115273
338755
4810
340990
5359
387695
5133
375298
342897
84570
3040
388115
1806
389073
169355
344901
440603
8326
26254
155
441168
2707
257313
126767
339977
374897
5649
219348
400581
374454
54510
100507206
642446
2709
285016
389558
646508
165186
9729
400745
347716
127534
5079
3123
8644
79633
1510
646962
284759
442038
439916
283601
2917
84628
1995
55190
64648
1413
731220
2104
4311
3908
729458
6925
65267
3269
55532
51284
389658
353132
3117
6273
5456
100
3914
389320
440077
401554
642968
353133
404744
79690
168417
84435
6918
100129940
57162
147906
54798
441933
1305
6693
56125
64078
11147
3201
8076
5055
1803
5275
80380
4828
57565
9719
388697
3439
388585
344752
26052
4155
147741
63934
553
140885
57016
81871
127
337876
51170
777
84433
100288797
4635
131920
4914
7169
3127
343035
4018
23127
79574
6847
164284
92241
9182
25925
115701
919
56670
57165
9760
1066
391081
150771
139170
5455
1756
106633802
106481783
106481817
6044
106479580
101928287
26246
441178
6953
149281
154442
100113403
119548
128102
134701
149620
54345
154288
728712
439996
414316
203413
643414
100329135
340745
340543
2681
58483
1302
100507463
1290
5696
6891
400624
3122
1306
4855
389058
1590
494197
143903
114769
100506742
642612
151121
727684
645425
729528
653619
441871
343066
100130889
5460
170679
29113
100507055
440894
89870
442425
10107
135644
3135
3134
138255
644731
57469
147920
444882
2843
57126
338436
5644
441376
400558
100506736
3963
400950
643965
5212
26637
339240
10071
100129995
4499
3426
54809
3853
100129669
100129385
400841
100128946
253017
64109
645432
192668
3822
3823
283314
10215
100286963
641517
1667
91353
255349
6318
5268
729627
401089
10866
3136
645369
3105
344807
389136
131405
677802
109616999
677822
28778
28825
28813
28796
3537
6978
28603
28609
28638
28691
28690
28684
28680
28661
28646
28526
28457
28434
28391
677810
339263
653240
284366
80350
2532
5246
1331
442258
646175
344332
83755
442211
236
594855
340888
81606
402273
27040
3947
729347
1532
10537
3672
53345
644333
100190940
652995
100421420
170555
255809
401393
100271259
553117
2311
100505704
387104
100128621
677779
152225
730005
613227
652423
402509
414152
388942
100129647
644945
128709
729475
729252
728597
388122
100132994
100130361
401135
692094
100418829
648947
441332
85508
170552
100130934
283514
391266
100862705
6248
51032
359737
100129094
100996702
729828
285492
147710
100422450
285780
107075186
101929293
642935
645950
23436
392352
100128227
100419608
648791
266673
131055
652411
120824
100124541
101340250
401335
4995
284293
26188
641654
53822
3809
80830
440925
106480920
106479214
106480211
100873464
107048985
106481654
105374219
100874194
6958
100507257
399939
101929484
106480429
645280
170067
342931
728819
360024
100271420
108570035
100874092
100133036
103752554
101927034
114902
101928773
100379345
28875
100507500
100289643
101928079
100130376
285954
414760
105378912
100874055
100506457
644576
100873942
102723350
26247
100505633
100128465
107075158
400511
729500
100507059
721
729650
100506115
100128023
101241877
101928270
107075156
100271893
285375
389655
100302401
100129845
729338
100271144
100129836
51198
100533990
101929395
100287630
100420030
341457
100188953
400765
338588
100873190
102724774
723809
106480274
207107
5938
105378854
728629
100129102
400759
100133285
160824
642569
101154644
84627
100131825
100128385
101929407
138948
101929152
23755
440823
100873245
100271225
79100
102724231
101929163
26082
100128553
150538
104326052
392617
768096
26651
729987
353194
284576
100506834
392225
100033398
105376672
100133545
100506392
348840
644213
284835
654412
105370183
100505785
100130671
144920
402360
280644
102216342
401014
100421422
104355290
104472714
9834
101927070
54019
103106903
101928161
100129402
644988
100133123
400619
647589
101929548
100287225
101929664
399806
100996941
104502417
646640
100874289
400578
100873263
100287419
101928555
441282
101928122
101930114
100507533
100874100
100188954
107075155
401039
105748977
101929410
100128990
105376462
100507308
101927678
91149
112840934
101928537
26062
104355288
105374289
392313
81439
100133024
105377390
340508
106480778
110806276
54580
100129464
101927868
100507254
102723505
109729180
6979
390956
51716
105374885
111216280
400946
285834
441521
100271149
100996635
246182
100129599
81076
137196
643309
105374285
103724386
729974
106029310
100861510
4279
106660610
101928992
100420484
414754
101060004
390010
100131816
101927528
441873
105373853
105377926
101929475
100131533
102682016
100288517
196047
127406
100271132
100128857
100420621
100127969
353196
28611
105376444
260332
100874173
100873215
386665
728228
2509
100462786
58160
136157
100507194
100874373
504175
339476
221756
100381202
100505832
101929202
125997
1097
646201
100506047
100130756
100628315
100419963
729838
729779
647177
105375396
101927686
101928106
100996609
643479
100874334
100420044
107178918
100887755
149773
28862
100216001
100418981
285084
139542
100130450
100533664
100130721
401585
112451549
507
100506895
284196
101929476
100327036
104355286
100312803
100874482
101927541
54075
285987
100506795
101929074
101929344
102723854
1589
729682
5554
103344932
100421389
101928231
400761
100419056
100507073
101929184
150577
101929302
107133519
100873254
440390
647219
128192
440561
101928744
728463
10834
110806283
100505929
105378934
107985307
654376
100240713
105376955
101929947
7124
100874203
256355
107080627
100128420
100652988
100462767
79940
100270755
728716
6974
106480738
100132358
100506915
101929447
100132147
100506311
100270937
105372978
728192
100506860
105378853
117581
100129597
106478955
100506421
105378916
100861530
729384
111216282
100873880
119369
140716
131973
100874233
284998
101927412
162083
100379142
100996590
100873922
130728
729250
105371226
619448
100128081
101929723
100506385
442101
101060363
388849
101927554
133874
100507444
399708
100271399
101927438
100505475
101927156
646208
3106
111216284
107075148
727699
114614
400618
344
101929445
101927700
728641
100873951
284661
100874312
144817
257358
101101772
442308
390245
105370503
286442
100132672
100271623
109729113
109729169
158376
729611
100420946
643733
100132891
150372
81354
100874256
286544
266698
646324
100431168
100507605
392343
101410544
100287314
102800447
101927171
100873979
107985190
84968
1332
100873881
285043
101927125
340581
440132
645402
137
100126825
10824
645311
283303
283392
150135
401491
104326193
106481742
338864
154092
148756
101927574
644838
102724589
392132
442183
103689918
401007
100421271
100874282
84850
100144597
79804
646603
728015
402424
150142
284428
100861507
646960
100131493
100130418
105372751
26220
101927512
645520
192217
388830
730152
646581
442709
100132163
101929010
347613
105375014
55539
439949
101928399
105372950
348761
391603
101929337
645434
100506737
128997
100507127
3474
106479438
100134259
105377180
100874207
120872
285051
100419008
728637
100129557
440560
401960
106479357
100421813
105374119
109729161
5698
100130786
54579
107063536
353137
3812
101927152
285205
54596
358
201651
100873918
441908
10687
105377098
56097
246312
106480984
100129005
221883
401103
3112
100498859
100874246
101929335
285286
6997
100874433
401081
647107
9936
105374177
100131117
101927832
387267
54658
100507098
8577
391257
100873241
6700
106479251
645573
347281
105376382
730102
100874351
5670
100506555
100271537
106479232
285972
106479473
56098
54575
5273
346470
3109
81075
645412
106480483
100271105
110806300
55380
100271429
400735
106479534
100174857
28919
283480
106479519
106480959
106479490
27160
140870
100271630
339894
10637
100271452
100506144
100131176
101929371
100216341
106480529
107080636
103695433
645207
100130300
106479440
347694
58530
2119
3078
28913
54657
91179
100271303
103344930
151516
105371809
442213
4182
720
255130
101928646
101927740
285548
727677
340037
100507632
101927936
100505865
100507401
100233209
644248
105378220
730092
126
202658
107986264
653492
340113
7146
641365
100505994
100507528
102477328
105377338
256085
104310351
594842
106480229
101928741
105377441
100124412
101927096
112488739
100873250
107075297
101060498
100419185
107986136
101929743
101928151
728264
645348
442114
100506564
101929768
641700
105379054
106480789
100130105
100288785
653125
25907
106481698
100873193
255187
105377424
110231149
401134
100131828
100420190
100996538
105377595
100507043
728040
645368
27239
373159
101927780
107984114
402249
168330
102723920
109729119
110599563
100874385
100526761
81419
112488740
58510
390643
441026
100144602
54570
379034
107986402
100527947
100861569
285441
100131415
91948
100874109
731424
2964
442247
100422635
101927363
100506305
100505532
453
100505702
26645
4479
105377443
106481181
106481652
106480869
100873849
729330
100507420
100874323
286114
100506721
100127983
3206
100507651
399474
105377682
619344
101410536
285629
28433
56110
107075116
285943
100421384
100192378
401472
100874051
100421484
9708
100288659
137133
104266958
440695
56103
619434
4067
56099
100419978
111240474
56104
107075249
28435
101926978
100133311
101928132
105376554
132430
100873349
100133309
399876
387715
388015
390136
100507392
100129472
81342
440067
340970
100507431
100874015
100874012
100528017
440068
347702
399959
100131608
8585
107075265
255480
81343
107133511
79136
26534
54661
100528032
100129053
283487
493913
102606463
387895
101929027
105369807
100506393
28692
387837
100129641
84290
105370078
100130074
100129128
106479024
105369739
103695363
574028
101929715
100874250
729610
105369906
101927081
107984504
93432
110806294
100874452
101928137
105369893
105369860
386654
105370676
105370439
246777
64150
145200
107984636
100505967
606
100506412
101928767
100750246
101927129
441056
326277
107985816
145195
161342
106480682
101927351
100132537
105370400
283547
29018
28652
359755
3690
105370681
105371964
106821730
102723481
101928694
283688
107075247
648809
100996492
101929690
101927332
100216544
105370683
111082990
105371027
283486
390561
100287216
140828
105371708
100288911
101927364
100302666
105371295
111082978
23732
729739
101928752
729809
101928880
101929387
4500
100505776
106635536
100132234
100131118
642683
102577425
401613
100128905
152274
343702
101927350
644242
103752587
105377820
645638
105375077
100861554
107986266
400533
653075
89838
401720
284648
729355
107546764
145989
100507050
112935892
101927228
728310
101928108
727701
283867
100505817
8190
107075118
84777
101927311
8384
100130566
100996930
101926896
110806289
106481108
106479265
146795
100421167
105376854
101927642
100421734
780853
100507410
284203
790952
101060542
100533997
106480968
100505592
126242
105372288
101927017
101927229
1872
100507589
101928710
728538
100132501
400617
105372080
100996295
105371786
346
642996
101928886
4911
100505474
388406
106481969
646698
401903
644100
645553
284729
727703
79160
359803
100529262
100132047
102724360
388523
100130490
388630
100128254
115290
100128849
100133139
104457406
646379
401492
111082965
28320
101060040
100421657
107075117
102216341
107075165
103689845
100289028
109729125
503643
101926940
100130821
105369490
284021
503637
101927352
63930
105377006
402236
84740
8447
114817
100130705
103752588
100534611
