Category	Term	Count	%	PValue	Genes	List Total	Pop Hits	Pop Total	Fold Enrichment	Bonferroni	Benjamini	FDR
REACTOME_PATHWAY	R-HSA-156902:R-HSA-156902	76	23.456790123456788	4.663231642715238E-108	11224, 9349, 6122, 6160, 6124, 6125, 6161, 6204, 6164, 6205, 6206, 6166, 6207, 6165, 6208, 6168, 6209, 6169, 9045, 6210, 2197, 3921, 6217, 6155, 6154, 6152, 6159, 6156, 25873, 6224, 6223, 6222, 6191, 6193, 6194, 6146, 6181, 6147, 6141, 6142, 6143, 6144, 6189, 4736, 1915, 6188, 6187, 6139, 6138, 6136, 6173, 6137, 6134, 6171, 6135, 6170, 6132, 23521, 6133, 6130, 6231, 6232, 6230, 6235, 6176, 6233, 6175, 6234, 6229, 6203, 6228, 6202, 6227, 6201, 6129, 6128	234	90	8771	31.652231718898385	2.103117470864572E-105	2.103117470864572E-105	6.617810267783576E-105
REACTOME_PATHWAY	R-HSA-192823:R-HSA-192823	75	23.14814814814815	1.1717194366480224E-105	11224, 9349, 6122, 6160, 6124, 6125, 6161, 6204, 6164, 6205, 6206, 6166, 6207, 6165, 6208, 6168, 6209, 6169, 9045, 6210, 2197, 3921, 6217, 6155, 6154, 6152, 6159, 6156, 25873, 6224, 6223, 6222, 6191, 6193, 6194, 6146, 6181, 6147, 6141, 6142, 6143, 6144, 6189, 4736, 6188, 6187, 6139, 6138, 6136, 6173, 6137, 6134, 6171, 6135, 6170, 6132, 23521, 6133, 6130, 6231, 6232, 6230, 6235, 6176, 6233, 6175, 6234, 6229, 6203, 6228, 6202, 6227, 6201, 6129, 6128	234	90	8771	31.235754985754987	5.284454659282581E-103	2.6422273296412905E-103	1.6628418901137535E-102
REACTOME_PATHWAY	R-HSA-975956:R-HSA-975956	76	23.456790123456788	7.135099354278916E-104	11224, 9349, 6122, 6160, 6124, 6125, 6161, 6204, 6164, 6205, 6206, 6166, 6207, 6165, 6208, 6168, 6209, 6169, 9045, 6210, 2197, 3921, 6217, 6155, 6154, 6152, 6159, 6156, 25873, 6224, 6223, 6222, 6191, 6193, 6194, 26986, 6146, 6181, 6147, 6141, 6142, 6143, 6144, 6189, 4736, 6188, 6187, 6139, 6138, 6136, 6173, 6137, 6134, 6171, 6135, 6170, 6132, 23521, 6133, 6130, 6231, 6232, 6230, 6235, 6176, 6233, 6175, 6234, 6229, 6203, 6228, 6202, 6227, 6201, 6129, 6128	234	96	8771	29.673967236467238	3.217929808779791E-101	1.0726432695932638E-101	1.0125753422986541E-100
REACTOME_PATHWAY	R-HSA-2408557:R-HSA-2408557	75	23.14814814814815	1.4844763912541188E-103	11224, 9349, 6122, 6160, 6124, 6125, 6161, 6204, 6164, 6205, 6206, 6166, 6207, 6165, 6208, 6168, 6209, 6169, 9045, 6210, 2197, 3921, 6217, 6155, 6154, 6152, 6159, 6156, 25873, 6224, 6223, 6222, 6191, 6193, 6194, 6146, 6181, 6147, 6141, 6142, 6143, 6144, 6189, 4736, 6188, 6187, 6139, 6138, 6136, 6173, 6137, 6134, 6171, 6135, 6170, 6132, 23521, 6133, 6130, 6231, 6232, 6230, 6235, 6176, 6233, 6175, 6234, 6229, 6203, 6228, 6202, 6227, 6201, 6129, 6128	234	93	8771	30.228149986214508	6.694988524556076E-101	1.673747131139019E-101	2.1066899217135293E-100
REACTOME_PATHWAY	R-HSA-156827:R-HSA-156827	80	24.691358024691358	1.9810957252280406E-103	11224, 9349, 6122, 6160, 6124, 6125, 6161, 6204, 6164, 6205, 6206, 6166, 6207, 6165, 6208, 6168, 6209, 6169, 9045, 6210, 1973, 2197, 1974, 1975, 3921, 6217, 6155, 6154, 6152, 6159, 6156, 25873, 6224, 6223, 6222, 6191, 6193, 6194, 26986, 6146, 6181, 6147, 6141, 6142, 6143, 6144, 6189, 4736, 6188, 6187, 6139, 6138, 6136, 6173, 6137, 6134, 6171, 6135, 6170, 6132, 23521, 6133, 6130, 6231, 6232, 6230, 6235, 6176, 6233, 6175, 6234, 6229, 6203, 6228, 6202, 6227, 6201, 7458, 6129, 6128	234	112	8771	26.773504273504273	8.934741720778462E-101	1.7869483441556925E-101	2.8114656608056637E-100
REACTOME_PATHWAY	R-HSA-72764:R-HSA-72764	75	23.14814814814815	6.8492043756718E-103	11224, 9349, 6122, 6160, 6124, 6125, 6161, 6204, 6164, 6205, 6206, 6166, 6207, 6165, 6208, 6168, 6209, 6169, 9045, 6210, 2197, 3921, 6217, 6155, 6154, 6152, 6159, 6156, 25873, 6224, 6223, 6222, 6191, 6193, 6194, 6146, 6181, 6147, 6141, 6142, 6143, 6144, 6189, 4736, 6188, 6187, 6139, 6138, 6136, 6173, 6137, 6134, 6171, 6135, 6170, 6132, 23521, 6133, 6130, 6231, 6232, 6230, 6235, 6176, 6233, 6175, 6234, 6229, 6203, 6228, 6202, 6227, 6201, 6129, 6128	234	94	8771	29.906573922531372	3.088991173427982E-100	5.14831862237997E-101	9.720026478692543E-100
REACTOME_PATHWAY	R-HSA-72706:R-HSA-72706	79	24.382716049382715	8.008702586931255E-101	11224, 9349, 6122, 6160, 6124, 6125, 6161, 6204, 6164, 6205, 6206, 6166, 6207, 6165, 6208, 6168, 6209, 6169, 9045, 6210, 1973, 2197, 1974, 1975, 3921, 6217, 6155, 6154, 6152, 6159, 6156, 25873, 6224, 6223, 6222, 6191, 6193, 6194, 6146, 6181, 6147, 6141, 6142, 6143, 6144, 6189, 4736, 6188, 6187, 6139, 6138, 6136, 6173, 6137, 6134, 6171, 6135, 6170, 6132, 23521, 6133, 6130, 6231, 6232, 6230, 6235, 6176, 6233, 6175, 6234, 6229, 6203, 6228, 6202, 6227, 6201, 7458, 6129, 6128	234	113	8771	26.20486347477498	3.611924866705996E-98	5.159892666722851E-99	1.136552465589259E-97
REACTOME_PATHWAY	R-HSA-72689:R-HSA-72689	75	23.14814814814815	4.167651920857814E-98	11224, 9349, 6122, 6160, 6124, 6125, 6161, 6204, 6164, 6205, 6206, 6166, 6207, 6165, 6208, 6168, 6209, 6169, 9045, 6210, 2197, 3921, 6217, 6155, 6154, 6152, 6159, 6156, 25873, 6224, 6223, 6222, 6191, 6193, 6194, 6146, 6181, 6147, 6141, 6142, 6143, 6144, 6189, 4736, 6188, 6187, 6139, 6138, 6136, 6173, 6137, 6134, 6171, 6135, 6170, 6132, 23521, 6133, 6130, 6231, 6232, 6230, 6235, 6176, 6233, 6175, 6234, 6229, 6203, 6228, 6202, 6227, 6201, 6129, 6128	234	102	8771	27.560960281548518	1.879611016306874E-95	2.3495137703835924E-96	5.914509890900784E-95
REACTOME_PATHWAY	R-HSA-1799339:R-HSA-1799339	77	23.765432098765434	3.5545302739428177E-97	11224, 9349, 6122, 6160, 6124, 6727, 6125, 6161, 6204, 6164, 6205, 6206, 6166, 6207, 6165, 6208, 6168, 6209, 6169, 9045, 6210, 2197, 3921, 6217, 6155, 6154, 6152, 6159, 6156, 25873, 6224, 6223, 6222, 6191, 6193, 6194, 6146, 6181, 6147, 6141, 6142, 6143, 6144, 6189, 4736, 6185, 6188, 6187, 6139, 6138, 6136, 6173, 6137, 6134, 6171, 6135, 6170, 6132, 23521, 6133, 6130, 6231, 6232, 6230, 6235, 6176, 6233, 6175, 6234, 6229, 6203, 6228, 6202, 6227, 6201, 6129, 6128	234	112	8771	25.76949786324786	1.603093153548211E-94	1.7812146150535676E-95	5.04440026709666E-94
REACTOME_PATHWAY	R-HSA-975957:R-HSA-975957	76	23.456790123456788	3.291522372259301E-94	11224, 9349, 6122, 6160, 6124, 6125, 6161, 6204, 6164, 6205, 6206, 6166, 6207, 6165, 6208, 6168, 6209, 6169, 9045, 6210, 2197, 3921, 6217, 6155, 6154, 6152, 6159, 6156, 25873, 6224, 6223, 6222, 6191, 6193, 6194, 26986, 6146, 6181, 6147, 6141, 6142, 6143, 6144, 6189, 4736, 6188, 6187, 6139, 6138, 6136, 6173, 6137, 6134, 6171, 6135, 6170, 6132, 23521, 6133, 6130, 6231, 6232, 6230, 6235, 6176, 6233, 6175, 6234, 6229, 6203, 6228, 6202, 6227, 6201, 6129, 6128	234	114	8771	24.98860398860399	1.484476589888945E-91	1.484476589888945E-92	4.6711534448015675E-91
KEGG_PATHWAY	hsa03010:Ribosome	75	23.14814814814815	3.400741031211068E-83	11224, 9349, 6122, 6160, 6124, 6125, 6161, 6204, 6164, 6205, 6206, 6166, 6207, 6165, 6208, 6168, 6209, 6169, 9045, 6210, 2197, 3921, 6217, 6155, 6154, 6152, 6159, 6156, 25873, 6224, 6223, 6222, 6191, 6193, 6194, 6146, 6181, 6147, 6141, 6142, 6143, 6144, 6189, 4736, 6188, 6187, 6139, 6138, 6136, 6173, 6137, 6134, 6171, 6135, 6170, 6132, 23521, 6133, 6130, 6231, 6232, 6230, 6235, 6176, 6233, 6175, 6234, 6229, 6203, 6228, 6202, 6227, 6201, 6129, 6128	197	131	6609	19.206998101290345	5.679237522122484E-81	5.679237522122484E-81	4.136373811856003E-80
REACTOME_PATHWAY	R-HSA-72649:R-HSA-72649	36	11.11111111111111	6.424291192030919E-41	6204, 6205, 6189, 6206, 6207, 6208, 6209, 6188, 6187, 6210, 2197, 1973, 1974, 1975, 3921, 6217, 6231, 6232, 6230, 6235, 6233, 6234, 6203, 6229, 6202, 6228, 6201, 6227, 6224, 6223, 6222, 7458, 6191, 6193, 26986, 6194	234	59	8771	22.87092568448501	2.8973553276059447E-38	2.6339593887326768E-39	9.117012293452989E-38
REACTOME_PATHWAY	R-HSA-72702:R-HSA-72702	35	10.802469135802468	3.847989009719842E-39	6204, 6205, 6189, 6206, 6207, 6208, 6209, 6188, 6187, 6210, 2197, 1973, 1974, 1975, 3921, 6217, 6231, 6232, 6230, 6235, 6233, 6234, 6203, 6229, 6202, 6228, 6201, 6227, 6224, 6223, 6222, 7458, 6191, 6193, 6194	234	59	8771	22.235622193249313	1.7354430433836485E-36	1.4462025361530407E-37	5.460861293181393E-36
REACTOME_PATHWAY	R-HSA-72695:R-HSA-72695	31	9.5679012345679	1.2907296640165457E-34	6204, 6205, 6189, 6206, 6207, 6208, 6209, 6188, 6187, 6210, 2197, 3921, 6217, 6231, 6232, 6230, 6235, 6233, 6234, 6203, 6229, 6202, 6228, 6201, 6227, 6224, 6223, 6222, 6191, 6193, 6194	234	52	8771	22.345578566732414	5.821190784714621E-32	4.4778390651650936E-33	1.8317348735624776E-31
REACTOME_PATHWAY	R-HSA-450408:R-HSA-450408	14	4.320987654320987	1.2682361876205752E-9	5709, 5691, 5705, 5710, 7316, 5692, 9861, 3312, 7314, 6233, 3315, 5687, 5688, 26986	234	55	8771	9.54110334110334	5.719743552123902E-7	4.085532190334362E-8	1.7998133094998536E-6
REACTOME_PATHWAY	R-HSA-5358346:R-HSA-5358346	13	4.012345679012346	3.454155963648009E-8	5687, 5688, 5709, 5691, 5710, 5705, 10956, 7316, 9861, 5692, 5034, 7314, 6233	234	59	8771	8.25894538606403	1.557812231411937E-5	1.0385490376574325E-6	4.901953265523673E-5
REACTOME_PATHWAY	R-HSA-5362768:R-HSA-5362768	12	3.7037037037037033	1.5684316240432896E-7	5687, 5688, 5709, 5691, 5710, 5705, 10956, 7316, 9861, 5692, 7314, 6233	234	55	8771	8.178088578088579	7.073377006461268E-5	4.42100721576022E-6	2.225832419933127E-4
REACTOME_PATHWAY	R-HSA-1236974:R-HSA-1236974	14	4.320987654320987	2.389679079105759E-7	811, 5709, 5691, 5705, 5710, 7316, 5692, 9861, 7314, 6233, 8673, 5687, 5688, 567	234	83	8771	6.322417876634744	1.0776873187601232E-4	6.339658689125116E-6	3.3913000750951383E-4
REACTOME_PATHWAY	R-HSA-5678895:R-HSA-5678895	12	3.7037037037037033	3.995704544629847E-7	5687, 5688, 5709, 5691, 5710, 5705, 10956, 7316, 9861, 5692, 7314, 6233	234	60	8771	7.496581196581196	1.8019007480063465E-4	1.001141160672514E-5	5.670476378227818E-4
REACTOME_PATHWAY	R-HSA-211733:R-HSA-211733	11	3.3950617283950617	4.778153645192686E-7	5687, 5688, 5709, 5691, 5710, 5705, 7316, 9861, 5692, 7314, 6233	234	49	8771	8.414529914529915	2.1547156353896035E-4	1.1341766253836205E-5	6.780880089429786E-4
REACTOME_PATHWAY	R-HSA-349425:R-HSA-349425	11	3.3950617283950617	5.835066895509709E-7	5687, 5688, 5709, 5691, 5710, 5705, 7316, 9861, 5692, 7314, 6233	234	50	8771	8.246239316239317	2.63126969777816E-4	1.3157993120516132E-5	8.280784647651807E-4
REACTOME_PATHWAY	R-HSA-69229:R-HSA-69229	11	3.3950617283950617	5.835066895509709E-7	5687, 5688, 5709, 5691, 5710, 5705, 7316, 9861, 5692, 7314, 6233	234	50	8771	8.246239316239317	2.63126969777816E-4	1.3157993120516132E-5	8.280784647651807E-4
REACTOME_PATHWAY	R-HSA-69017:R-HSA-69017	11	3.3950617283950617	5.835066895509709E-7	5687, 5688, 5709, 5691, 5710, 5705, 7316, 9861, 5692, 7314, 6233	234	50	8771	8.246239316239317	2.63126969777816E-4	1.3157993120516132E-5	8.280784647651807E-4
REACTOME_PATHWAY	R-HSA-69481:R-HSA-69481	11	3.3950617283950617	5.835066895509709E-7	5687, 5688, 5709, 5691, 5710, 5705, 7316, 9861, 5692, 7314, 6233	234	50	8771	8.246239316239317	2.63126969777816E-4	1.3157993120516132E-5	8.280784647651807E-4
REACTOME_PATHWAY	R-HSA-180534:R-HSA-180534	11	3.3950617283950617	7.091027250101892E-7	5687, 5688, 5709, 5691, 5710, 5705, 7316, 9861, 5692, 7314, 6233	234	51	8771	8.08454834925423	3.1975431004516164E-4	1.5228714630222129E-5	0.0010063161570927903
REACTOME_PATHWAY	R-HSA-180585:R-HSA-180585	11	3.3950617283950617	7.091027250101892E-7	5687, 5688, 5709, 5691, 5710, 5705, 7316, 9861, 5692, 7314, 6233	234	51	8771	8.08454834925423	3.1975431004516164E-4	1.5228714630222129E-5	0.0010063161570927903
REACTOME_PATHWAY	R-HSA-69601:R-HSA-69601	11	3.3950617283950617	8.57712011693346E-7	5687, 5688, 5709, 5691, 5710, 5705, 7316, 9861, 5692, 7314, 6233	234	52	8771	7.929076265614728	3.8675347477801214E-4	1.7582949199623776E-5	0.0012172123715181726
REACTOME_PATHWAY	R-HSA-114608:R-HSA-114608	16	4.938271604938271	1.2244023479295922E-6	805, 6647, 8407, 967, 1191, 7114, 226, 5478, 5660, 3309, 334, 1072, 10916, 808, 5216, 3959	234	127	8771	4.722255871862171	5.520533594277621E-4	2.400865948271047E-5	0.001737592642603314
REACTOME_PATHWAY	R-HSA-174113:R-HSA-174113	11	3.3950617283950617	1.238370112397623E-6	5687, 5688, 5709, 5691, 5710, 5705, 7316, 9861, 5692, 7314, 6233	234	54	8771	7.635406774295663	5.583493314506027E-4	2.3270782001372226E-5	0.0017574146287668846
REACTOME_PATHWAY	R-HSA-4641257:R-HSA-4641257	11	3.3950617283950617	1.238370112397623E-6	5687, 5688, 5709, 5691, 5710, 5705, 7316, 9861, 5692, 7314, 6233	234	54	8771	7.635406774295663	5.583493314506027E-4	2.3270782001372226E-5	0.0017574146287668846
REACTOME_PATHWAY	R-HSA-4641258:R-HSA-4641258	11	3.3950617283950617	1.758719467419965E-6	5687, 5688, 5709, 5691, 5710, 5705, 7316, 9861, 5692, 7314, 6233	234	56	8771	7.362713675213675	7.928686906654159E-4	3.1726823785160896E-5	0.0024958521537721268
REACTOME_PATHWAY	R-HSA-68827:R-HSA-68827	11	3.3950617283950617	2.4599790120999324E-6	5687, 5688, 5709, 5691, 5710, 5705, 7316, 9861, 5692, 7314, 6233	234	58	8771	7.108826996758031	0.001108836684828307	4.26703164826403E-5	0.003491014701972883
REACTOME_PATHWAY	R-HSA-5676590:R-HSA-5676590	11	3.3950617283950617	2.4599790120999324E-6	5687, 5688, 5709, 5691, 5710, 5705, 7316, 9861, 5692, 7314, 6233	234	58	8771	7.108826996758031	0.001108836684828307	4.26703164826403E-5	0.003491014701972883
REACTOME_PATHWAY	R-HSA-5610785:R-HSA-5610785	11	3.3950617283950617	2.8938425454134772E-6	5687, 5688, 5709, 5691, 5710, 5705, 7316, 9861, 5692, 7314, 6233	234	59	8771	6.988338403592641	0.0013042735712979203	4.833679012405945E-5	0.004106709005280429
REACTOME_PATHWAY	R-HSA-187577:R-HSA-187577	11	3.3950617283950617	2.8938425454134772E-6	5687, 5688, 5709, 5691, 5710, 5705, 7316, 9861, 5692, 7314, 6233	234	59	8771	6.988338403592641	0.0013042735712979203	4.833679012405945E-5	0.004106709005280429
REACTOME_PATHWAY	R-HSA-5610783:R-HSA-5610783	11	3.3950617283950617	2.8938425454134772E-6	5687, 5688, 5709, 5691, 5710, 5705, 7316, 9861, 5692, 7314, 6233	234	59	8771	6.988338403592641	0.0013042735712979203	4.833679012405945E-5	0.004106709005280429
REACTOME_PATHWAY	R-HSA-5610780:R-HSA-5610780	11	3.3950617283950617	2.8938425454134772E-6	5687, 5688, 5709, 5691, 5710, 5705, 7316, 9861, 5692, 7314, 6233	234	59	8771	6.988338403592641	0.0013042735712979203	4.833679012405945E-5	0.004106709005280429
REACTOME_PATHWAY	R-HSA-5607761:R-HSA-5607761	11	3.3950617283950617	2.8938425454134772E-6	5687, 5688, 5709, 5691, 5710, 5705, 7316, 9861, 5692, 7314, 6233	234	59	8771	6.988338403592641	0.0013042735712979203	4.833679012405945E-5	0.004106709005280429
REACTOME_PATHWAY	R-HSA-174084:R-HSA-174084	11	3.3950617283950617	4.618224640788321E-6	5687, 5688, 5709, 5691, 5710, 5705, 7316, 9861, 5692, 7314, 6233	234	62	8771	6.65019299696719	0.002080656549476978	7.438380919033705E-5	0.006553739091985644
REACTOME_PATHWAY	R-HSA-4608870:R-HSA-4608870	11	3.3950617283950617	5.363308833405706E-6	5687, 5688, 5709, 5691, 5710, 5705, 7316, 9861, 5692, 7314, 6233	234	63	8771	6.544634377967712	0.0024159356888451278	8.340544468987687E-5	0.0076110533289819315
REACTOME_PATHWAY	R-HSA-350562:R-HSA-350562	10	3.0864197530864197	5.473341621681205E-6	5687, 5688, 1728, 5709, 5691, 5710, 4946, 5705, 9861, 5692	234	50	8771	7.4965811965811975	0.00246543962599155	8.227940909122378E-5	0.007767194847785319
REACTOME_PATHWAY	R-HSA-5632684:R-HSA-5632684	11	3.3950617283950617	7.170675032822378E-6	5687, 5688, 5709, 5691, 5710, 5705, 7316, 9861, 5692, 7314, 6233	234	65	8771	6.343261012491781	0.003228762334572033	1.0431668878951861E-4	0.010175759253361338
REACTOME_PATHWAY	R-HSA-174154:R-HSA-174154	11	3.3950617283950617	8.256828266116402E-6	5687, 5688, 5709, 5691, 5710, 5705, 7316, 9861, 5692, 7314, 6233	234	66	8771	6.247150997150997	0.0037169200095421573	1.1636338305653915E-4	0.011717013299683554
REACTOME_PATHWAY	R-HSA-1169091:R-HSA-1169091	11	3.3950617283950617	8.256828266116402E-6	5687, 5688, 5709, 5691, 5710, 5705, 7316, 9861, 5692, 7314, 6233	234	66	8771	6.247150997150997	0.0037169200095421573	1.1636338305653915E-4	0.011717013299683554
REACTOME_PATHWAY	R-HSA-195253:R-HSA-195253	11	3.3950617283950617	9.482261549623224E-6	5687, 5688, 5709, 5691, 5710, 5705, 7316, 9861, 5692, 7314, 6233	234	67	8771	6.153909937492027	0.004267388943149597	1.2958312563748908E-4	0.013455879559565176
REACTOME_PATHWAY	R-HSA-5668541:R-HSA-5668541	11	3.3950617283950617	9.482261549623224E-6	5687, 5688, 5709, 5691, 5710, 5705, 7316, 9861, 5692, 7314, 6233	234	67	8771	6.153909937492027	0.004267388943149597	1.2958312563748908E-4	0.013455879559565176
REACTOME_PATHWAY	R-HSA-5658442:R-HSA-5658442	11	3.3950617283950617	9.482261549623224E-6	5687, 5688, 5709, 5691, 5710, 5705, 7316, 9861, 5692, 7314, 6233	234	67	8771	6.153909937492027	0.004267388943149597	1.2958312563748908E-4	0.013455879559565176
REACTOME_PATHWAY	R-HSA-382556:R-HSA-382556	12	3.7037037037037033	1.0989928279494897E-5	5687, 5688, 5709, 5691, 5710, 5705, 10956, 7316, 9861, 5692, 7314, 6233	234	83	8771	5.41921532282978	0.004944221787583802	1.4576834211033063E-4	0.015595191085893134
REACTOME_PATHWAY	R-HSA-68949:R-HSA-68949	11	3.3950617283950617	1.4146258388245197E-5	5687, 5688, 5709, 5691, 5710, 5705, 7316, 9861, 5692, 7314, 6233	234	70	8771	5.890170940170941	0.00635969862450847	1.8226932006659702E-4	0.020073744289950124
REACTOME_PATHWAY	R-HSA-5687128:R-HSA-5687128	12	3.7037037037037033	1.5528999129554676E-5	5687, 5688, 5709, 5691, 5710, 5705, 7316, 9861, 5692, 7314, 6233, 3315	234	86	8771	5.230172927847346	0.006979164705396723	1.9452643803663516E-4	0.022035672340781076
REACTOME_PATHWAY	R-HSA-174184:R-HSA-174184	11	3.3950617283950617	1.608698462418014E-5	5687, 5688, 5709, 5691, 5710, 5705, 7316, 9861, 5692, 7314, 6233	234	71	8771	5.807210786084026	0.007229032355289267	1.9606965214424843E-4	0.02282737055855355
REACTOME_PATHWAY	R-HSA-174178:R-HSA-174178	11	3.3950617283950617	1.608698462418014E-5	5687, 5688, 5709, 5691, 5710, 5705, 7316, 9861, 5692, 7314, 6233	234	71	8771	5.807210786084026	0.007229032355289267	1.9606965214424843E-4	0.02282737055855355
REACTOME_PATHWAY	R-HSA-611105:R-HSA-611105	11	3.3950617283950617	2.631664279873663E-5	1351, 1537, 1350, 1340, 1329, 1337, 7388, 4715, 4725, 4694, 1345	234	75	8771	5.497492877492877	0.011798803791123302	3.122923339241579E-4	0.03734069749956603
REACTOME_PATHWAY	R-HSA-5607764:R-HSA-5607764	11	3.3950617283950617	3.7259966759696064E-5	5687, 5688, 5709, 5691, 5710, 5705, 7316, 9861, 5692, 7314, 6233	234	78	8771	5.286050843743152	0.01666414909690639	4.3079328650974524E-4	0.052864369624527896
REACTOME_PATHWAY	R-HSA-202424:R-HSA-202424	12	3.7037037037037033	4.0173184810435737E-5	5687, 5688, 5728, 5709, 5691, 5710, 5705, 7316, 9861, 5692, 7314, 6233	234	95	8771	4.73468286099865	0.017955317652143532	4.5285918556747795E-4	0.056996542703491304
REACTOME_PATHWAY	R-HSA-389957:R-HSA-389957	7	2.1604938271604937	7.600507601839048E-5	10576, 10383, 5204, 908, 10574, 22948, 7203	234	28	8771	9.370726495726496	0.033698703258738916	8.357381861994195E-4	0.10780830478360759
REACTOME_PATHWAY	R-HSA-390450:R-HSA-390450	5	1.5432098765432098	8.986416003775047E-5	10576, 908, 10574, 22948, 7203	234	10	8771	18.74145299145299	0.03972017952097584	9.645477941164771E-4	0.1274548729824243
REACTOME_PATHWAY	R-HSA-3000480:R-HSA-3000480	6	1.8518518518518516	1.0864759701203903E-4	811, 2495, 1277, 1278, 2512, 7184	234	19	8771	11.836707152496626	0.047821468147975055	0.0011389492373187204	0.1540764465318034
KEGG_PATHWAY	hsa05012:Parkinsons disease	13	4.012345679012346	1.1820122182280322E-4	1351, 1537, 1350, 1340, 1329, 1337, 7388, 4715, 4725, 4694, 7314, 1345, 292	197	113	6609	3.859530119940704	0.01954719759771928	0.009821833000605573	0.14367515656045216
REACTOME_PATHWAY	R-HSA-175474:R-HSA-175474	4	1.2345679012345678	1.7791361702372167E-4	7316, 5478, 7314, 6233	234	5	8771	29.98632478632479	0.07711087836383446	0.0018221147462991194	0.2521894701191907
KEGG_PATHWAY	hsa00190:Oxidative phosphorylation	12	3.7037037037037033	2.1659846866557564E-4	1351, 1537, 1350, 9550, 1340, 1329, 1337, 7388, 4715, 4725, 4694, 1345	197	103	6609	3.9085308757577253	0.0355293353908438	0.011986206937618205	0.2631337912717968
KEGG_PATHWAY	hsa03050:Proteasome	8	2.4691358024691357	2.3595009638017062E-4	5687, 5688, 5709, 5691, 5710, 5705, 9861, 5692	197	43	6609	6.2415299256286145	0.038641908391124136	0.009803706127736733	0.2866120884873147
REACTOME_PATHWAY	R-HSA-5628897:R-HSA-5628897	10	3.0864197530864197	2.7883046096935154E-4	1351, 5728, 1350, 1340, 1329, 7295, 7001, 25824, 1337, 1345	234	81	8771	4.627519257148887	0.11818242283270342	0.0027909884402241847	0.3949744496274499
REACTOME_PATHWAY	R-HSA-1236978:R-HSA-1236978	8	2.4691358024691357	2.830544944675511E-4	5687, 5688, 5709, 5691, 5710, 5705, 9861, 5692	234	49	8771	6.11965811965812	0.11986119187239919	0.0027717092544006228	0.400946795293744
REACTOME_PATHWAY	R-HSA-156842:R-HSA-156842	4	1.2345679012345678	3.488442636911963E-4	1933, 1937, 1917, 1915	234	6	8771	24.98860398860399	0.14560034188836768	0.0033424061702468366	0.49392375564348834
REACTOME_PATHWAY	R-HSA-3371568:R-HSA-3371568	5	1.5432098765432098	3.938589886368351E-4	3320, 3312, 3326, 2288, 10728	234	14	8771	13.386752136752136	0.16277748346963128	0.0036945207713302564	0.5574940273190943
KEGG_PATHWAY	hsa05016:Huntingtons disease	15	4.62962962962963	5.492707963629066E-4	1351, 1350, 1537, 6647, 1340, 1329, 1213, 1337, 4725, 4694, 7388, 4715, 1345, 292, 5441	197	172	6609	2.9257171526384136	0.08766991952026293	0.01818333620846324	0.6660421369586889
REACTOME_PATHWAY	R-HSA-72662:R-HSA-72662	4	1.2345679012345678	5.985122162073278E-4	1973, 1974, 1975, 7458	234	7	8771	21.41880341880342	0.23662800175332888	0.005495250052529932	0.8460318159909663
REACTOME_PATHWAY	R-HSA-389960:R-HSA-389960	6	1.8518518518518516	6.3412338292436E-4	10576, 10383, 908, 10574, 22948, 7203	234	27	8771	8.329534662867996	0.24879775340021026	0.005705269986940986	0.8961599532657072
KEGG_PATHWAY	hsa05130:Pathogenic Escherichia coli infection	8	2.4691358024691357	6.937930921391334E-4	2017, 7430, 10383, 387, 10094, 203068, 71, 4691	197	51	6609	5.2624664078829495	0.109438982064327	0.019131893305268766	0.8406110588230264
KEGG_PATHWAY	hsa05010:Alzheimers disease	13	4.012345679012346	0.00140931165289897	1351, 1537, 1350, 1340, 805, 1329, 808, 1337, 7388, 4715, 4725, 4694, 1345	197	148	6609	2.946803402387159	0.2098409671068514	0.03308613674707184	1.7007477347694921
REACTOME_PATHWAY	R-HSA-3299685:R-HSA-3299685	6	1.8518518518518516	0.001637619867196609	9588, 6647, 7295, 7001, 25824, 5034	234	33	8771	6.815073815073815	0.5224908546993373	0.014389041814795944	2.299086808425288
REACTOME_PATHWAY	R-HSA-381183:R-HSA-381183	4	1.2345679012345678	0.0019340283652964781	811, 468, 3309, 7184	234	10	8771	14.993162393162395	0.5823415797169793	0.01665004827673011	2.7099319256960297
REACTOME_PATHWAY	R-HSA-2467813:R-HSA-2467813	13	4.012345679012346	0.0025115189621555674	5687, 5688, 10383, 5709, 5691, 6232, 5710, 5705, 7316, 9861, 5692, 7314, 6233	234	176	8771	2.7686237373737375	0.6782948481963739	0.021171164083538363	3.5057701802180152
REACTOME_PATHWAY	R-HSA-2871837:R-HSA-2871837	11	3.3950617283950617	0.003124623860238372	5687, 5688, 5709, 5691, 5710, 5705, 7316, 9861, 5692, 7314, 6233	234	135	8771	3.0541627097182653	0.7562011005856157	0.025798630081137697	4.34406298278417
KEGG_PATHWAY	hsa04141:Protein processing in endoplasmic reticulum	13	4.012345679012346	0.003181938710930497	811, 3320, 468, 23193, 10956, 3312, 3309, 5034, 3326, 6185, 7184, 821, 1603	197	163	6609	2.6756251751736166	0.41270673113664547	0.06436409840928325	3.802240345491148
REACTOME_PATHWAY	R-HSA-3371511:R-HSA-3371511	4	1.2345679012345678	0.003408876797908983	3320, 1915, 3326, 10728	234	12	8771	12.494301994301996	0.785625290395303	0.027612160333464475	4.730418156462701
KEGG_PATHWAY	hsa04932:Non-alcoholic fatty liver disease (NAFLD)	12	3.7037037037037033	0.003531419383050931	1351, 1537, 1350, 1340, 1329, 468, 1337, 7388, 4715, 4725, 4694, 1345	197	144	6609	2.7956852791878175	0.446110913472774	0.06353527450415675	4.211660064668166
KEGG_PATHWAY	hsa04260:Cardiac muscle contraction	8	2.4691358024691357	0.00447467746418283	1351, 1537, 1350, 1340, 1329, 1337, 7388, 1345	197	70	6609	3.8340826686004346	0.5271362748210814	0.07215891358271276	5.308725373572498
KEGG_PATHWAY	hsa05134:Legionellosis	7	2.1604938271604937	0.004534619552856885	81876, 375, 1937, 1917, 1915, 3312, 3329	197	53	6609	4.430897423618427	0.531867388509439	0.06667363091611811	5.378050359666742
REACTOME_PATHWAY	R-HSA-901042:R-HSA-901042	3	0.9259259259259258	0.006664398676151714	811, 23193, 821	234	5	8771	22.48974358974359	0.9509886771309234	0.052427526594101104	9.053081173828769
REACTOME_PATHWAY	R-HSA-2173791:R-HSA-2173791	4	1.2345679012345678	0.008022819785264094	387, 7316, 7314, 6233	234	16	8771	9.370726495726498	0.9735601853892247	0.061746219677773495	10.802285538405243
REACTOME_PATHWAY	R-HSA-532668:R-HSA-532668	4	1.2345679012345678	0.008022819785264094	23193, 7316, 7314, 6233	234	16	8771	9.370726495726498	0.9735601853892247	0.061746219677773495	10.802285538405243
KEGG_PATHWAY	hsa04915:Estrogen signaling pathway	9	2.7777777777777777	0.008854511706621711	805, 3320, 468, 808, 3312, 2778, 3326, 2288, 7184	197	99	6609	3.0498384863867094	0.773563099219295	0.11642056314926474	10.253255859601463
REACTOME_PATHWAY	R-HSA-70268:R-HSA-70268	4	1.2345679012345678	0.011242772652888623	3939, 682, 3945, 2739	234	18	8771	8.329534662867996	0.9938984296502218	0.0841634768284586	14.82439576293918
REACTOME_PATHWAY	R-HSA-3371571:R-HSA-3371571	4	1.2345679012345678	0.013093225330547196	3320, 26353, 3312, 3326	234	19	8771	7.891138101664418	0.9973785913464551	0.09583779030278994	17.058882000436803
REACTOME_PATHWAY	R-HSA-1236382:R-HSA-1236382	4	1.2345679012345678	0.013093225330547196	3320, 7316, 7314, 6233	234	19	8771	7.891138101664418	0.9973785913464551	0.09583779030278994	17.058882000436803
REACTOME_PATHWAY	R-HSA-432722:R-HSA-432722	6	1.8518518518518516	0.013919291197323921	375, 2495, 1213, 3312, 2512, 8673	234	54	8771	4.164767331433998	0.9982031136274861	0.10000103448157327	18.038686980360485
REACTOME_PATHWAY	R-HSA-72203:R-HSA-72203	5	1.5432098765432098	0.016128226594543407	3178, 3185, 3190, 3181, 5441	234	37	8771	5.065257565257566	0.9993464722763403	0.113270384802313	20.606131273737304
REACTOME_PATHWAY	R-HSA-901032:R-HSA-901032	4	1.2345679012345678	0.017285777142683582	10956, 7316, 7314, 6233	234	21	8771	7.13960113960114	0.9996156861931602	0.11912498862006415	21.92150343200714
REACTOME_PATHWAY	R-HSA-5675221:R-HSA-5675221	5	1.5432098765432098	0.01765978305707989	1843, 7316, 7314, 6233, 5037	234	38	8771	4.931961313540261	0.9996763110279455	0.11975168010735338	22.342152692675764
REACTOME_PATHWAY	R-HSA-1253288:R-HSA-1253288	3	0.9259259259259258	0.017702563716209443	7316, 7314, 6233	234	8	8771	14.056089743589743	0.9996826066893594	0.11826624876901437	22.390134154325835
REACTOME_PATHWAY	R-HSA-390471:R-HSA-390471	5	1.5432098765432098	0.019279012363761904	10576, 908, 10574, 22948, 7203	234	39	8771	4.805500767039229	0.999846182164305	0.1263478207512574	24.139133438335513
REACTOME_PATHWAY	R-HSA-429947:R-HSA-429947	4	1.2345679012345678	0.01963057004708116	1973, 1974, 1975, 26986	234	22	8771	6.8150738150738155	0.9998691475054293	0.12670019389500087	24.5241413893306
REACTOME_PATHWAY	R-HSA-69541:R-HSA-69541	3	0.9259259259259258	0.02236593074838709	7316, 7314, 6233	234	9	8771	12.494301994301994	0.9999628871919918	0.14123667316994304	27.458309929614078
REACTOME_PATHWAY	R-HSA-5627123:R-HSA-5627123	4	1.2345679012345678	0.02482037076547434	2017, 805, 103910, 808	234	24	8771	6.247150997150998	0.9999880556120602	0.1535421217200772	30.000531455657843
REACTOME_PATHWAY	R-HSA-5654733:R-HSA-5654733	4	1.2345679012345678	0.02482037076547434	7316, 2264, 7314, 6233	234	24	8771	6.247150997150998	0.9999880556120602	0.1535421217200772	30.000531455657843
REACTOME_PATHWAY	R-HSA-1227986:R-HSA-1227986	4	1.2345679012345678	0.02482037076547434	3320, 7316, 7314, 6233	234	24	8771	6.247150997150998	0.9999880556120602	0.1535421217200772	30.000531455657843
REACTOME_PATHWAY	R-HSA-937042:R-HSA-937042	3	0.9259259259259258	0.027473906344658374	7316, 7314, 6233	234	10	8771	11.244871794871795	0.9999965048208324	0.1664726646294734	32.65565154210173
REACTOME_PATHWAY	R-HSA-975163:R-HSA-975163	3	0.9259259259259258	0.027473906344658374	7316, 7314, 6233	234	10	8771	11.244871794871795	0.9999965048208324	0.1664726646294734	32.65565154210173
REACTOME_PATHWAY	R-HSA-162588:R-HSA-162588	4	1.2345679012345678	0.02766536153919053	7316, 5478, 7314, 6233	234	25	8771	5.997264957264958	0.9999968017930698	0.16536101709106632	32.843553168850526
REACTOME_PATHWAY	R-HSA-983170:R-HSA-983170	4	1.2345679012345678	0.030676420188150286	811, 567, 3309, 821	234	26	8771	5.766600920447075	0.9999992103790399	0.17955749820861244	35.73535848899419
REACTOME_PATHWAY	R-HSA-3785653:R-HSA-3785653	3	0.9259259259259258	0.03299978895928983	7316, 7314, 6233	234	11	8771	10.222610722610723	0.9999997324637977	0.18957347549607195	37.8871269327416
REACTOME_PATHWAY	R-HSA-5675482:R-HSA-5675482	3	0.9259259259259258	0.03299978895928983	7316, 7314, 6233	234	11	8771	10.222610722610723	0.9999997324637977	0.18957347549607195	37.8871269327416
REACTOME_PATHWAY	R-HSA-174490:R-HSA-174490	3	0.9259259259259258	0.03299978895928983	7316, 7314, 6233	234	11	8771	10.222610722610723	0.9999997324637977	0.18957347549607195	37.8871269327416
REACTOME_PATHWAY	R-HSA-72163:R-HSA-72163	10	3.0864197530864197	0.0384719961464072	3178, 6633, 3185, 1655, 3190, 3312, 3181, 2521, 8683, 5441	234	171	8771	2.191982806017894	0.9999999793065111	0.21523893444527376	42.693368911181096
REACTOME_PATHWAY	R-HSA-844456:R-HSA-844456	3	0.9259259259259258	0.038917971391670726	10628, 7295, 3326	234	12	8771	9.370726495726496	0.9999999832132804	0.21488735749975574	43.069425223124526
REACTOME_PATHWAY	R-HSA-203615:R-HSA-203615	3	0.9259259259259258	0.038917971391670726	805, 3320, 808	234	12	8771	9.370726495726496	0.9999999832132804	0.21488735749975574	43.069425223124526
REACTOME_PATHWAY	R-HSA-1474151:R-HSA-1474151	3	0.9259259259259258	0.038917971391670726	805, 3320, 808	234	12	8771	9.370726495726496	0.9999999832132804	0.21488735749975574	43.069425223124526
REACTOME_PATHWAY	R-HSA-1169408:R-HSA-1169408	6	1.8518518518518516	0.04001999115597772	1982, 1973, 1974, 7316, 7314, 6233	234	71	8771	3.167569519682196	0.999999989994304	0.21776610450959044	43.98885836272268
REACTOME_PATHWAY	R-HSA-209543:R-HSA-209543	3	0.9259259259259258	0.045203901889102	7316, 7314, 6233	234	13	8771	8.649901380670611	0.9999999991296445	0.2400491904682608	48.13165068990515
REACTOME_PATHWAY	R-HSA-209560:R-HSA-209560	3	0.9259259259259258	0.045203901889102	7316, 7314, 6233	234	13	8771	8.649901380670611	0.9999999991296445	0.2400491904682608	48.13165068990515
REACTOME_PATHWAY	R-HSA-1358803:R-HSA-1358803	3	0.9259259259259258	0.045203901889102	7316, 7314, 6233	234	13	8771	8.649901380670611	0.9999999991296445	0.2400491904682608	48.13165068990515
KEGG_PATHWAY	hsa00010:Glycolysis / Gluconeogenesis	6	1.8518518518518516	0.045365205477063575	3939, 7167, 226, 2023, 5315, 3945	197	66	6609	3.04983848638671	0.9995706392574477	0.44920963650056944	43.1464648012095
REACTOME_PATHWAY	R-HSA-70171:R-HSA-70171	4	1.2345679012345678	0.04817901898161901	7167, 226, 2023, 5315	234	31	8771	4.8365039977943205	0.9999999997869761	0.2511494126987084	50.37873252715552
KEGG_PATHWAY	hsa04612:Antigen processing and presentation	6	1.8518518518518516	0.05050263535362993	811, 3320, 567, 3312, 3326, 821	197	68	6609	2.96013735443416	0.9998256353130193	0.4610695125369818	46.75814559693542
REACTOME_PATHWAY	R-HSA-937039:R-HSA-937039	3	0.9259259259259258	0.05183404653183708	7316, 7314, 6233	234	14	8771	8.032051282051281	0.9999999999624297	0.26490382135738133	53.015448260677545
REACTOME_PATHWAY	R-HSA-975144:R-HSA-975144	3	0.9259259259259258	0.05183404653183708	7316, 7314, 6233	234	14	8771	8.032051282051281	0.9999999999624297	0.26490382135738133	53.015448260677545
REACTOME_PATHWAY	R-HSA-2691232:R-HSA-2691232	3	0.9259259259259258	0.05183404653183708	7316, 7314, 6233	234	14	8771	8.032051282051281	0.9999999999624297	0.26490382135738133	53.015448260677545
REACTOME_PATHWAY	R-HSA-1295596:R-HSA-1295596	3	0.9259259259259258	0.05183404653183708	7316, 7314, 6233	234	14	8771	8.032051282051281	0.9999999999624297	0.26490382135738133	53.015448260677545
REACTOME_PATHWAY	R-HSA-3134975:R-HSA-3134975	3	0.9259259259259258	0.05183404653183708	7316, 7314, 6233	234	14	8771	8.032051282051281	0.9999999999624297	0.26490382135738133	53.015448260677545
REACTOME_PATHWAY	R-HSA-168316:R-HSA-168316	2	0.6172839506172839	0.0524268908874927	811, 821	234	2	8771	37.48290598290599	0.9999999999716639	0.26466486436197534	53.4306398694676
REACTOME_PATHWAY	R-HSA-3322077:R-HSA-3322077	3	0.9259259259259258	0.05878585286879157	7316, 7314, 6233	234	15	8771	7.496581196581196	0.9999999999986402	0.2893289634569569	57.6746627189483
REACTOME_PATHWAY	R-HSA-69298:R-HSA-69298	3	0.9259259259259258	0.05878585286879157	7316, 7314, 6233	234	15	8771	7.496581196581196	0.9999999999986402	0.2893289634569569	57.6746627189483
REACTOME_PATHWAY	R-HSA-975110:R-HSA-975110	3	0.9259259259259258	0.05878585286879157	7316, 7314, 6233	234	15	8771	7.496581196581196	0.9999999999986402	0.2893289634569569	57.6746627189483
REACTOME_PATHWAY	R-HSA-205043:R-HSA-205043	3	0.9259259259259258	0.05878585286879157	7316, 7314, 6233	234	15	8771	7.496581196581196	0.9999999999986402	0.2893289634569569	57.6746627189483
REACTOME_PATHWAY	R-HSA-5626467:R-HSA-5626467	4	1.2345679012345678	0.06056842768074438	10383, 805, 808, 71	234	34	8771	4.409753645047763	0.9999999999994217	0.29381929800188	58.798154422512305
KEGG_PATHWAY	hsa04922:Glucagon signaling pathway	7	2.1604938271604937	0.06494051808908148	805, 3939, 468, 808, 5315, 2778, 3945	197	96	6609	2.44622461928934	0.9999865056232304	0.52647433559009	55.81110347146245
REACTOME_PATHWAY	R-HSA-445355:R-HSA-445355	4	1.2345679012345678	0.06499773735000314	805, 302, 103910, 808	234	35	8771	4.2837606837606845	0.9999999999999314	0.3090133765316617	61.470903568829314
REACTOME_PATHWAY	R-HSA-432720:R-HSA-432720	4	1.2345679012345678	0.06499773735000314	375, 1213, 3312, 8673	234	35	8771	4.2837606837606845	0.9999999999999314	0.3090133765316617	61.470903568829314
REACTOME_PATHWAY	R-HSA-110312:R-HSA-110312	3	0.9259259259259258	0.06603771473872393	7316, 7314, 6233	234	16	8771	7.028044871794871	0.9999999999999585	0.3101137432296901	62.074635304132265
REACTOME_PATHWAY	R-HSA-937072:R-HSA-937072	3	0.9259259259259258	0.06603771473872393	7316, 7314, 6233	234	16	8771	7.028044871794871	0.9999999999999585	0.3101137432296901	62.074635304132265
REACTOME_PATHWAY	R-HSA-1234176:R-HSA-1234176	3	0.9259259259259258	0.06603771473872393	7316, 7314, 6233	234	16	8771	7.028044871794871	0.9999999999999585	0.3101137432296901	62.074635304132265
REACTOME_PATHWAY	R-HSA-399954:R-HSA-399954	3	0.9259259259259258	0.06603771473872393	3320, 3326, 1072	234	16	8771	7.028044871794871	0.9999999999999585	0.3101137432296901	62.074635304132265
REACTOME_PATHWAY	R-HSA-168928:R-HSA-168928	3	0.9259259259259258	0.06603771473872393	7316, 7314, 6233	234	16	8771	7.028044871794871	0.9999999999999585	0.3101137432296901	62.074635304132265
REACTOME_PATHWAY	R-HSA-5684264:R-HSA-5684264	3	0.9259259259259258	0.06603771473872393	7316, 7314, 6233	234	16	8771	7.028044871794871	0.9999999999999585	0.3101137432296901	62.074635304132265
REACTOME_PATHWAY	R-HSA-5625900:R-HSA-5625900	3	0.9259259259259258	0.07356893826130091	388, 387, 103910	234	17	8771	6.614630467571644	0.9999999999999989	0.3365350332356907	66.19123697808138
REACTOME_PATHWAY	R-HSA-5655862:R-HSA-5655862	3	0.9259259259259258	0.07356893826130091	7316, 7314, 6233	234	17	8771	6.614630467571644	0.9999999999999989	0.3365350332356907	66.19123697808138
REACTOME_PATHWAY	R-HSA-5656121:R-HSA-5656121	3	0.9259259259259258	0.07356893826130091	7316, 7314, 6233	234	17	8771	6.614630467571644	0.9999999999999989	0.3365350332356907	66.19123697808138
REACTOME_PATHWAY	R-HSA-111997:R-HSA-111997	2	0.6172839506172839	0.07760473721228697	805, 808	234	3	8771	24.98860398860399	0.9999999999999999	0.34859052955521974	68.2223604910684
REACTOME_PATHWAY	R-HSA-2565942:R-HSA-2565942	6	1.8518518518518516	0.07829905005295049	10383, 3320, 203068, 7316, 7314, 6233	234	86	8771	2.615086463923673	0.9999999999999999	0.3479159820515001	68.56013910668237
REACTOME_PATHWAY	R-HSA-5627117:R-HSA-5627117	3	0.9259259259259258	0.08135970896260594	388, 387, 103910	234	18	8771	6.247150997150997	1.0	0.35590547726814403	70.0097288796606
REACTOME_PATHWAY	R-HSA-5205685:R-HSA-5205685	3	0.9259259259259258	0.08135970896260594	7316, 7314, 6233	234	18	8771	6.247150997150997	1.0	0.35590547726814403	70.0097288796606
REACTOME_PATHWAY	R-HSA-936964:R-HSA-936964	3	0.9259259259259258	0.08135970896260594	7316, 7314, 6233	234	18	8771	6.247150997150997	1.0	0.35590547726814403	70.0097288796606
REACTOME_PATHWAY	R-HSA-110320:R-HSA-110320	3	0.9259259259259258	0.08135970896260594	7316, 7314, 6233	234	18	8771	6.247150997150997	1.0	0.35590547726814403	70.0097288796606
REACTOME_PATHWAY	R-HSA-4420097:R-HSA-4420097	5	1.5432098765432098	0.08210162911742949	3320, 387, 55845, 71, 3315	234	62	8771	3.0228149986214503	1.0	0.35535247417617066	70.35163539917306
REACTOME_PATHWAY	R-HSA-1650814:R-HSA-1650814	5	1.5432098765432098	0.08985320769282304	1293, 1277, 5479, 1278, 5034	234	64	8771	2.92835202991453	1.0	0.3794158459876146	73.71358568762336
REACTOME_PATHWAY	R-HSA-2979096:R-HSA-2979096	3	0.9259259259259258	0.09764484132233045	7316, 7314, 6233	234	20	8771	5.6224358974358974	1.0	0.40242596064441705	76.73295141234593
REACTOME_PATHWAY	R-HSA-450321:R-HSA-450321	3	0.9259259259259258	0.09764484132233045	7316, 7314, 6233	234	20	8771	5.6224358974358974	1.0	0.40242596064441705	76.73295141234593
REACTOME_PATHWAY	R-HSA-3928662:R-HSA-3928662	4	1.2345679012345678	0.09986746995003985	387, 10094, 71, 1072	234	42	8771	3.56980056980057	1.0	0.40633589257644787	77.53318305838842
