7076
106481022
643263
369
6206
28764
5465
100129405
55634
25900
441108
375743
8817
25791
768097
128408
56931
90025
646581
729023
2622
100616110
10046
100419006
724027
5715
57565
128611
4221
2491
93
10998
100616204
116519
54468
79272
50614
11122
100048903
6874
106480796
968
80128
3920
1849
219539
23139
114036
388555
166824
116143
114984
401898
253559
100128011
100616262
106479069
404220
50515
23529
54827
337982
79039
100873911
4783
100616492
362
79546
6184
25981
729786
106481164
75
401973
107457588
81159
106479759
1932
84266
285375
126129
83440
100113373
100873501
55054
100874101
990
3608
202018
643677
317781
1580
339302
100289017
100271476
126003
106479680
116255
7379
4580
5500
100129867
392132
101059953
259239
27198
642812
80305
8379
6146
106479745
7205
719
57494
677771
100132992
3018
106480947
26036
144423
9884
124540
106481562
645339
9026
79896
127391
152138
339742
83449
26692
9785
7477
970
84844
284391
2204
143471
3665
219938
90203
89858
57455
106480930
339400
100380878
55273
386654
6701
692211
646567
29907
100887749
23581
245936
221241
407032
6317
23078
51028
92935
728226
84973
282809
84216
106480435
442189
6628
4296
100874064
28320
5983
3098
106479466
10550
100861542
129563
9519
5728
152992
3940
28488
22900
81236
51614
106479850
147912
81191
80024
79671
106481556
343413
693235
60558
1209
106481080
106480035
58473
9722
79849
1353
106480738
51073
798
123879
100421047
693220
5485
9721
118881
23229
100151664
7746
644390
284018
7479
144406
23544
128338
100873725
643609
55149
100288428
7333
84867
27069
5078
27065
125919
57704
28455
708
100113379
128439
2054
151987
161497
3486
81193
100996597
3171
255025
585
100874363
100422891
10047
100873853
10819
5372
28613
10740
162681
2630
100101111
100874404
390186
26212
390266
106480465
353142
2593
1880
10799
285172
149499
26590
106479306
3713
83868
100130561
