4250
7031
6143
7033
9547
3880
100506492
6222
10202
6132
3856
23521
1915
6205
1509
6217
10647
6187
2512
6206
3875
6175
9168
1937
92747
6176
6232
106480796
6230
6227
6130
11224
6171
6139
2331
3488
3326
6277
6129
1382
9368
57402
3921
6204
6207
6229
6169
6122
6189
7178
71
6133
9349
3320
4869
6181
388
6125
5245
6124
7114
6233
6201
9045
10551
6155
2023
1917
6208
6134
378706
654364
5757
689
2495
6173
5709
3312
866
6137
6282
8000
10631
6152
51142
1337
6136
938
4736
6141
6159
6128
6144
6156
6188
6202
6191
5660
347
811
10809
6147
1345
5691
5478
1351
6235
1728
6193
6194
3181
6209
10383
6165
10576
805
3315
6164
140576
125208
2288
1278
292
1277
4922
10140
3487
1933
5692
4725
5315
226
6234
10653
7295
10143
4694
26986
6224
25873
203068
1191
6161
3855
6231
3015
7167
6223
6422
3329
6142
5034
5479
25800
25803
6166
1537
6154
6228
7314
59286
4061
5204
79144
3178
4946
2017
5037
3336
6029
10628
4715
103910
25824
6135
6160
7009
7184
6286
4886
2197
3956
1072
1350
5688
7316
155465
26353
5728
7430
7203
375
6168
8721
93621
1982
100422505
3939
821
1973
1974
51195
165679
3190
3021
9550
64073
2521
1340
3945
771
4691
7555
1984
6970
79083
1293
1164
3313
387
682
9687
6185
6138
54732
1396
2778
378938
3309
5216
114569
2907
5901
5538
967
7388
27075
51372
22948
81876
7812
11331
10574
6203
3692
8614
1048
6633
10094
27069
728658
5687
10956
5250
5441
468
8407
334
9861
6418
441951
6613
3959
9741
567
6727
5763
5266
1655
3608
10899
1622
8673
6623
7001
57535
4256
1975
2264
3169
3182
6280
302
3068
5705
2739
5349
3185
10728
6647
10916
85014
6146
6170
7284
1603
9022
51258
8683
55845
1843
7458
191
9588
808
2091
4830
10169
25912
23204
5710
2079
55651
23193
3094
6210
10567
908
1213
1329
645
6888
2944
7165
