4250
7031
6143
6229
7033
1915
22971
6227
6232
100506492
6171
6235
6160
6188
10202
9349
6228
6222
3856
6132
9547
6129
6156
6168
6205
3880
23521
6223
6170
7178
6169
6204
6124
1345
6217
6130
6173
6189
5478
6210
6175
7114
6187
6137
6134
11224
378706
1191
6147
6139
6136
3875
4869
6167
6155
6141
92747
6165
6157
10647
9168
6161
10551
6142
10631
6154
6224
1937
6206
10974
4666
2512
106480796
226
6277
6122
6164
6176
3921
6191
1509
10809
6193
6202
6158
6209
6133
6233
10169
71
6138
4637
6159
6128
7070
7314
6208
283463
5757
1936
6230
6207
2495
6203
2778
654364
6144
4736
6194
6201
6135
3312
1072
1350
6152
1728
3178
567
2331
9045
57402
6029
5349
7311
1382
8000
6181
3326
866
26986
6125
9368
7316
79083
25873
689
1396
4715
3320
2023
3181
3315
3488
1293
10143
6282
347
1337
5315
5245
1278
3855
3021
2197
6231
7167
1933
1351
140576
388
1277
5216
938
1327
4946
3939
2288
302
5901
60674
4061
5669
5204
3956
1917
2173
6146
10653
51142
4718
9687
7388
10576
805
3336
7170
8614
5816
203068
967
6218
1973
5709
821
3020
5094
7295
4725
5230
5691
5174
8721
155465
6633
1622
3183
292
6286
3187
928
59286
23524
4282
5688
3015
8537
5034
811
10209
5660
2017
5678
6234
1655
2029
375
8655
1984
7009
387066
5692
10383
3151
9643
79144
57758
7381
3329
100887749
103910
4707
6500
2752
1340
4830
8667
3146
6647
22948
4886
10140
3487
4922
83658
5250
283131
7203
11034
3190
3945
6876
10094
51079
4738
1982
7184
2260
6166
4673
92714
2987
51372
4257
26353
5763
6727
1347
27089
5728
6422
55766
374
2521
1974
5708
10155
2944
5687
4256
6623
27335
3094
10574
2879
977
84790
51504
2907
3068
6678
468
440335
6275
6902
93621
682
801
140823
3150
10480
8407
1537
25824
51195
37
165679
3959
645
728658
5479
25800
7812
5695
2314
6748
6418
23213
1164
1312
7919
55651
2316
2264
10628
6430
771
6720
101929520
1975
3692
25803
57535
826
64073
10728
4710
389
9550
10916
254948
4691
5266
9144
9584
5538
6635
7431
1364
8766
1173
7171
114569
3169
8663
3646
4716
2091
5036
7001
387
11331
81892
5689
5441
3313
378938
475
6281
1153
7086
8673
1397
334
4696
6613
2821
11267
3276
10933
5037
4502
5223
1192
5203
1329
11047
6185
80279
440926
25912
6284
2353
64710
1495
10956
1019
975
54732
54543
8815
56654
9861
29956
5705
11337
4841
100130562
309
220988
56943
4582
118430
8079
81876
9588
5710
5935
51614
