Category	Term	Count	%	PValue	Genes	List Total	Pop Hits	Pop Total	Fold Enrichment	Bonferroni	Benjamini	FDR
KEGG_PATHWAY	hsa04510:Focal adhesion	57	3.4193161367726455	5.756244582426893E-16	1292, 1293, 1290, 1291, 284217, 5578, 3082, 3680, 2335, 330, 1311, 3676, 3678, 1289, 22801, 5228, 29895, 64098, 5159, 5880, 1281, 1282, 1284, 673, 1286, 3690, 5649, 3918, 3688, 10000, 3914, 3915, 3910, 2318, 1956, 56034, 3909, 3908, 4638, 3696, 4233, 57144, 6714, 5728, 3673, 3672, 5156, 329, 858, 1301, 857, 10319, 1302, 5290, 5293, 50509, 2534	559	206	6596	3.26494954582559	1.4654943925052066E-13	1.4654943925052066E-13	7.327471962526033E-13
REACTOME_PATHWAY	R-HSA-1650814:R-HSA-1650814	31	1.859628074385123	7.15453629823127E-16	1292, 136227, 1293, 1290, 55214, 1291, 1296, 283208, 1295, 649, 84570, 1310, 26577, 169044, 9509, 9508, 1289, 64175, 1307, 1281, 1282, 5118, 1284, 1299, 1286, 1301, 1302, 140766, 50509, 23127, 7092	717	67	8780	5.665813193446992	5.269118474870993E-13	5.269118474870993E-13	1.021405182655144E-12
KEGG_PATHWAY	hsa04512:ECM-receptor interaction	35	2.099580083983203	1.9669422984769793E-15	1292, 1293, 1290, 1291, 284217, 3680, 2335, 960, 9900, 1311, 3909, 3908, 3676, 3678, 3696, 1289, 22801, 22987, 1281, 3673, 3672, 1282, 1284, 1286, 3690, 1301, 10319, 1302, 5649, 3918, 3688, 3914, 3915, 50509, 3910	559	86	6596	4.80217997254233	5.275779813018744E-13	2.637889906509372E-13	2.6201263381153694E-12
KEGG_PATHWAY	hsa05146:Amoebiasis	38	2.2795440911817635	8.735626899123232E-15	1290, 284217, 5578, 2769, 2335, 3909, 3908, 7042, 6318, 6317, 1289, 3553, 3576, 1281, 1282, 1284, 4843, 1286, 1301, 10319, 1302, 2774, 5055, 5290, 929, 3918, 5293, 7099, 3689, 3914, 3915, 50509, 5272, 5273, 3910, 5275, 7097, 3569	559	105	6596	4.27034670755601	2.3154811401582265E-12	7.718270467194088E-13	1.149080830487037E-11
REACTOME_PATHWAY	R-HSA-1474228:R-HSA-1474228	32	1.9196160767846429	1.2734137919137438E-14	2006, 682, 649, 2335, 170690, 960, 3909, 5654, 1520, 11095, 11096, 84290, 9507, 4323, 2201, 2200, 4313, 4318, 4317, 4316, 56999, 84467, 2, 3918, 4811, 3914, 5650, 3915, 9313, 4322, 7092, 1515	717	78	8780	5.0237814254550655	1.0099143743502736E-11	5.049516360600137E-12	1.957323192414151E-11
KEGG_PATHWAY	hsa04151:PI3K-Akt signaling pathway	74	4.439112177564487	1.5238527354313862E-14	1292, 1293, 1290, 1291, 284217, 5578, 2254, 3082, 7249, 3680, 2335, 284, 1311, 3676, 2247, 3678, 1977, 1289, 1978, 26291, 22801, 5228, 3575, 5159, 1281, 1282, 1284, 1286, 3690, 57521, 5649, 2259, 3918, 6198, 3688, 10000, 3914, 3915, 3910, 6446, 1435, 1956, 56034, 1026, 3909, 3908, 2791, 6850, 3456, 4803, 54331, 3696, 4804, 4233, 5728, 3673, 3672, 5156, 7010, 1969, 1301, 10319, 1302, 7157, 5290, 1021, 5293, 9180, 7099, 50509, 7531, 7097, 3569, 898	559	339	6596	2.5757331095878127	4.015454635464266E-12	1.0038636588660665E-12	1.992850329202156E-11
REACTOME_PATHWAY	R-HSA-216083:R-HSA-216083	32	1.9196160767846429	2.0479361556669732E-13	1292, 1293, 1290, 1291, 1296, 682, 1295, 3384, 3680, 2335, 960, 1311, 3383, 3676, 3678, 3696, 1289, 22801, 2200, 1307, 1281, 3673, 3672, 1282, 1284, 1299, 1286, 3690, 3688, 3689, 4060, 50509	717	85	8780	4.610058249241119	1.6202539310228303E-10	5.400846436742768E-11	3.13959969133748E-10
REACTOME_PATHWAY	R-HSA-3000178:R-HSA-3000178	30	1.7996400719856027	2.1479903434001439E-13	1292, 1293, 1290, 1291, 284217, 4684, 3680, 2335, 1311, 3909, 6678, 3908, 7042, 1289, 1462, 4038, 1281, 3673, 1282, 1284, 1299, 1286, 633, 3690, 3688, 4060, 3915, 50509, 3910, 4146	717	75	8780	4.898186889818689	1.6992907081458952E-10	4.2482239948071765E-11	3.2926994464332893E-10
REACTOME_PATHWAY	R-HSA-2022090:R-HSA-2022090	23	1.3797240551889622	9.934294860983189E-13	1292, 1293, 1281, 1290, 1282, 1291, 1296, 1284, 4318, 1286, 1295, 4316, 1301, 1302, 3909, 3918, 3914, 50509, 1520, 9313, 1289, 4322, 1515	717	46	8780	6.122733612273361	7.858012018857607E-10	1.5716028478607313E-10	1.5226486738129097E-9
REACTOME_PATHWAY	R-HSA-3000171:R-HSA-3000171	21	1.259748050389922	2.0467935283905415E-12	1756, 1281, 1290, 1282, 1284, 284217, 1286, 2335, 1301, 10319, 1302, 3909, 3908, 3918, 2247, 3914, 3915, 50509, 3910, 1289, 4921	717	39	8780	6.593713120909774	1.6190244700453604E-9	2.698373746667926E-10	3.1371905073740436E-9
REACTOME_PATHWAY	R-HSA-1442490:R-HSA-1442490	26	1.5596880623875224	5.038864700979948E-12	1292, 1293, 136227, 1290, 1291, 1296, 1295, 84570, 1310, 1289, 4323, 1307, 4313, 1281, 1282, 1284, 4318, 4317, 1299, 1286, 4316, 1301, 1302, 50509, 9313, 4322	717	63	8780	5.053684886320869	3.985736851674915E-9	5.693909788107021E-10	7.723166550732685E-9
KEGG_PATHWAY	hsa05200:Pathways in cancer	72	4.319136172765447	1.3759928212906562E-10	5732, 113, 284217, 5734, 5578, 2254, 3082, 2335, 330, 2950, 2247, 8324, 26291, 5228, 3576, 5159, 4313, 5880, 1282, 7039, 4318, 1284, 673, 4843, 2122, 5743, 1286, 1909, 2259, 3918, 3688, 10000, 3914, 25780, 3915, 2113, 6932, 3910, 1956, 7476, 1029, 1026, 7473, 3909, 7475, 3908, 2770, 7042, 2791, 1030, 369, 54331, 7048, 4233, 81029, 5728, 3673, 2735, 5156, 329, 652, 650, 2736, 10319, 5727, 7157, 51384, 5290, 1021, 5293, 3569, 898	559	388	6596	2.189624329159213	3.6326205377079646E-8	7.2652411864382316E-9	1.8028625259347564E-7
KEGG_PATHWAY	hsa05205:Proteoglycans in cancer	45	2.699460107978404	1.5344771394575949E-9	10855, 5578, 2318, 1956, 3082, 7476, 2335, 960, 1026, 7473, 3316, 7475, 7042, 286, 369, 8324, 2247, 3678, 3236, 4233, 5329, 5328, 81029, 4313, 6714, 3673, 2065, 4318, 673, 858, 3690, 857, 5727, 7157, 51384, 5290, 4478, 6198, 3688, 10000, 5293, 7099, 4060, 117581, 7097	559	199	6596	2.6682608031211514	4.051018729356315E-7	6.751699022089497E-8	2.010513067141062E-6
REACTOME_PATHWAY	R-HSA-3000157:R-HSA-3000157	16	0.9598080383923214	1.9774976305347237E-9	3673, 1282, 3672, 1284, 284217, 22795, 1286, 10319, 3909, 3908, 3918, 3688, 4811, 3914, 3915, 3910	717	30	8780	6.530915853091585	1.5641993877935079E-6	1.9552505725606295E-7	3.030953832361405E-6
REACTOME_PATHWAY	R-HSA-2129379:R-HSA-2129379	17	1.0197960407918416	5.0302079726350144E-9	10516, 2006, 4237, 2335, 652, 3690, 8200, 650, 84467, 7042, 84034, 3688, 3696, 4053, 2202, 2201, 2200	717	36	8780	5.7825817449248405	3.978886644273594E-6	4.4209929783711743E-7	7.709909688458083E-6
KEGG_PATHWAY	hsa05222:Small cell lung cancer	26	1.5596880623875224	1.546760779511321E-8	284217, 2335, 330, 3909, 3908, 1030, 3673, 5728, 1282, 1284, 329, 4843, 5743, 1286, 10319, 7157, 5290, 3918, 3688, 1021, 5293, 10000, 3914, 3915, 3910, 898	559	85	6596	3.6093023255813956	4.0834401403566645E-6	5.83349612393036E-7	2.026607293093008E-5
REACTOME_PATHWAY	R-HSA-186797:R-HSA-186797	15	0.8998200359928014	5.976181150456414E-8	1292, 1293, 1290, 1281, 1291, 1282, 1284, 5156, 1286, 1299, 56034, 50509, 5327, 1289, 5159	717	32	8780	5.740062761506276	4.727047702435261E-5	4.727148257832603E-6	9.159819758242094E-5
KEGG_PATHWAY	hsa04514:Cell adhesion molecules (CAMs)	33	1.9796040791841631	7.261687677980039E-8	51208, 25945, 1272, 1001, 4684, 22854, 29126, 257194, 3384, 80380, 9071, 3680, 9073, 3383, 9076, 5010, 3676, 3696, 84628, 3106, 3109, 1462, 3134, 3105, 8506, 3135, 10686, 1013, 3688, 3689, 1000, 3123, 3122	559	137	6596	2.8422495854171292	1.9170672394097643E-5	2.3963541480043205E-6	9.51445391361716E-5
KEGG_PATHWAY	hsa04974:Protein digestion and absorption	25	1.4997000599880024	1.1731970977140393E-7	1292, 1293, 1281, 2006, 1290, 1282, 59272, 1291, 6546, 1284, 1286, 1299, 5646, 5644, 1301, 1302, 9056, 1803, 169044, 50509, 1289, 10008, 1358, 1359, 4311	559	87	6596	3.390701786852549	3.0971925544243106E-5	3.441372432244627E-6	1.5371532343655403E-4
KEGG_PATHWAY	hsa04145:Phagosome	33	1.9796040791841631	2.4929787767623597E-7	347733, 6891, 6890, 64581, 1311, 9902, 1520, 3678, 127124, 245972, 3106, 4153, 3109, 3134, 3105, 10333, 3673, 3135, 4481, 3690, 8685, 929, 3688, 718, 7099, 1780, 3689, 715, 84617, 7097, 2212, 3123, 3122	559	144	6596	2.7040846750149075	6.581248217341074E-5	6.5814431331467915E-6	3.2663627778095616E-4
REACTOME_PATHWAY	R-HSA-1566948:R-HSA-1566948	11	0.6598680263947211	2.92785801855346E-7	10516, 4237, 2006, 3688, 3678, 3690, 84467, 4017, 4015, 2201, 2200	717	18	8780	7.483341081667441	2.3156678741920178E-4	2.105374228933421E-5	4.487582669132628E-4
KEGG_PATHWAY	hsa05133:Pertussis	21	1.259748050389922	2.406183783522778E-6	4843, 23643, 834, 810, 2770, 929, 716, 3688, 718, 6374, 7099, 3689, 715, 6372, 3678, 721, 720, 3553, 710, 3569, 3576	559	75	6596	3.3038998211091237	6.350315651555416E-4	5.774681287062933E-5	0.003152600673039796
KEGG_PATHWAY	hsa05218:Melanoma	20	1.199760047990402	3.224371703541441E-6	5728, 673, 5156, 1956, 56034, 2254, 3082, 1029, 1026, 7157, 5290, 2259, 1021, 5293, 10000, 2247, 369, 26291, 4233, 5159	559	70	6596	3.371326348070534	8.508733039205296E-4	7.093377592082284E-5	0.0042245759218850765
KEGG_PATHWAY	hsa05323:Rheumatoid arthritis	22	1.3197360527894422	5.120651737968466E-6	1435, 7010, 6347, 3600, 284, 3383, 7042, 6352, 6364, 6374, 7099, 3689, 6372, 127124, 245972, 3109, 3553, 7097, 3569, 3123, 3576, 3122	559	85	6596	3.0540250447227195	0.0013509421749597905	1.0398347949835962E-4	0.006709007460137251
KEGG_PATHWAY	hsa04668:TNF signaling pathway	25	1.4997000599880024	6.785095646241005E-6	843, 1435, 4318, 2919, 5743, 329, 2920, 6347, 2921, 330, 7133, 3600, 3383, 5290, 6352, 6364, 182, 10000, 5293, 3976, 7128, 3553, 3569, 4323, 8809	559	107	6596	2.7569257519268384	0.001789667958597918	1.279397669801119E-4	0.008889649436005786
REACTOME_PATHWAY	R-HSA-5173214:R-HSA-5173214	14	0.8398320335932814	6.991260804470433E-6	54437, 81794, 11173, 157869, 170690, 10418, 56999, 10417, 140766, 9509, 9508, 11095, 11096, 9507	717	39	8780	4.395808747273183	0.005514843736035613	4.607360475006317E-4	0.010715121836024633
REACTOME_PATHWAY	R-HSA-419037:R-HSA-419037	14	0.8398320335932814	1.745612885306717E-5	1292, 1293, 1290, 1281, 1291, 1282, 1284, 4684, 1299, 1286, 8128, 5621, 50509, 1289	717	42	8780	4.081822408182241	0.01371302638969829	0.00106158369319731	0.026752045370992406
KEGG_PATHWAY	hsa04060:Cytokine-cytokine receptor interaction	40	2.399520095980804	3.4103354509091186E-5	1435, 2919, 3604, 6347, 3601, 8200, 943, 8744, 3600, 338376, 6369, 8740, 3624, 7042, 6352, 8793, 3456, 6374, 6373, 6354, 6372, 3553, 4804, 7048, 3575, 58985, 8995, 3576, 2920, 2921, 970, 650, 7133, 8807, 6364, 10913, 9180, 3976, 3569, 8809	559	237	6596	1.9915007963285856	0.008963029523085253	6.000491727781165E-4	0.044673910592973876
REACTOME_PATHWAY	R-HSA-909733:R-HSA-909733	17	1.0197960407918416	4.708895663429071E-5	9636, 10410, 8519, 3135, 4599, 54739, 5696, 3434, 3433, 3456, 3429, 3437, 3106, 2537, 3134, 3105, 91543	717	65	8780	3.202660658727604	0.03656305955794581	0.0026570524632527626	0.07214993347524068
KEGG_PATHWAY	hsa05145:Toxoplasmosis	23	1.3797240551889622	6.801472652825206E-5	240, 284217, 329, 4843, 330, 23643, 10319, 3909, 3908, 2770, 7042, 3918, 3688, 10000, 7099, 4261, 3914, 3915, 3910, 3109, 7097, 3123, 3122	559	107	6596	2.536371691772691	0.017796241198430485	0.0011216516320002867	0.08907805284444903
REACTOME_PATHWAY	R-HSA-1474244:R-HSA-1474244	8	0.4799040191961607	8.375111326641574E-5	1281, 1290, 1282, 1284, 50509, 1286, 2335, 1289	717	15	8780	6.530915853091585	0.06410305015413131	0.004406921224766935	0.12829017823481337
REACTOME_PATHWAY	R-HSA-2214320:R-HSA-2214320	8	0.4799040191961607	8.375111326641574E-5	3918, 1282, 1284, 3914, 1286, 649, 3909, 7092	717	15	8780	6.530915853091585	0.06410305015413131	0.004406921224766935	0.12829017823481337
KEGG_PATHWAY	hsa04015:Rap1 signaling pathway	35	2.099580083983203	1.2445461857033295E-4	1435, 113, 5578, 136, 1956, 56034, 3082, 2254, 284, 2770, 4803, 2247, 26291, 4804, 5228, 4233, 5159, 64411, 5880, 2903, 6714, 5156, 673, 7010, 1969, 23683, 3690, 810, 5290, 2259, 3688, 10000, 5293, 25780, 3689	559	208	6596	1.9855167194165404	0.03232410212503134	0.0019309605871276059	0.16294103621236067
KEGG_PATHWAY	hsa04610:Complement and coagulation cascades	17	1.0197960407918416	1.2757446869905692E-4	5627, 5624, 2, 716, 729, 718, 715, 5327, 3426, 4153, 721, 720, 710, 2152, 730, 5329, 5328	559	68	6596	2.9499105545617175	0.03312089134957241	0.0018694619446422145	0.16702251793491163
REACTOME_PATHWAY	R-HSA-3000170:R-HSA-3000170	10	0.599880023995201	1.856162515668994E-4	1281, 3688, 1290, 3673, 2247, 5578, 50509, 2335, 1289, 3690	717	27	8780	4.535358231313601	0.13656450242000373	0.009135272706794706	0.28412011196309317
KEGG_PATHWAY	hsa05214:Glioma	16	0.9598080383923214	2.1612162928608193E-4	5728, 7039, 673, 5156, 5578, 1956, 1029, 1026, 7157, 810, 5290, 1021, 10000, 5293, 369, 5159	559	64	6596	2.9499105545617175	0.055464754861324184	0.002998772386011539	0.2827983332645223
KEGG_PATHWAY	hsa05206:MicroRNAs in cancer	39	2.339532093581284	3.6291242519046596E-4	4855, 5578, 1956, 1029, 8091, 960, 1026, 7473, 7042, 3678, 3236, 5268, 4233, 5328, 5159, 406937, 5728, 2065, 10253, 4318, 5156, 5243, 5743, 406938, 3690, 8660, 57521, 7157, 9839, 7431, 5292, 1021, 1591, 407024, 10642, 407006, 898, 6935, 8434	559	255	6596	1.8046511627906976	0.09137814238037911	0.0047798534464569276	0.4744547934114607
KEGG_PATHWAY	hsa05416:Viral myocarditis	14	0.8398320335932814	4.268254964312295E-4	1756, 5880, 3135, 857, 3383, 1981, 3689, 3106, 2534, 3109, 3134, 3123, 3105, 3122	559	54	6596	3.059166501026966	0.10658670217745136	0.0053525753435581525	0.5577961121839392
KEGG_PATHWAY	hsa04640:Hematopoietic cell lineage	18	1.0797840431913617	4.706142457343729E-4	3673, 1435, 3672, 931, 3690, 952, 960, 290, 912, 929, 3676, 3678, 3553, 3569, 3575, 3123, 4311, 3122	559	83	6596	2.558958553354743	0.1168598803921278	0.005632776322573085	0.6148585155849928
REACTOME_PATHWAY	R-HSA-193775:R-HSA-193775	7	0.4199160167966407	4.889850023632279E-4	1593, 51302, 8644, 1109, 5740, 1646, 1645	717	14	8780	6.122733612273361	0.3208285871151456	0.022500744807477324	0.7468583676356277
KEGG_PATHWAY	hsa04621:NOD-like receptor signaling pathway	14	0.8398320335932814	6.219850470773585E-4	22861, 2919, 329, 838, 2920, 330, 6347, 834, 6352, 84674, 7128, 3553, 3569, 3576	559	56	6596	2.949910554561718	0.15147449840580895	0.007116087706038887	0.8118813443829809
KEGG_PATHWAY	hsa05150:Staphylococcus aureus infection	13	0.7798440311937612	7.270522408691132E-4	716, 718, 3689, 715, 3426, 4153, 721, 3109, 720, 2212, 3123, 3383, 3122	559	50	6596	3.067906976744186	0.17470270607149052	0.007968564697956482	0.9484236463146001
REACTOME_PATHWAY	R-HSA-193807:R-HSA-193807	7	0.4199160167966407	7.591409284261814E-4	1593, 9420, 8644, 1109, 5740, 1646, 1645	717	15	8780	5.714551371455137	0.4515770671657743	0.03282197024582467	1.1572455942263082
REACTOME_PATHWAY	R-HSA-202733:R-HSA-202733	13	0.7798440311937612	9.282274217169339E-4	140885, 2335, 5627, 5624, 960, 55423, 57126, 3676, 3688, 3689, 3678, 2534, 4067	717	53	8780	3.003605168285045	0.5202877657447949	0.037923701707127444	1.4132931074744892
REACTOME_PATHWAY	R-HSA-877300:R-HSA-877300	17	1.0197960407918416	0.0010762918322975313	10346, 163351, 3135, 4684, 960, 23650, 3383, 115362, 4261, 3106, 3134, 3105, 10107, 3123, 23321, 3122, 4281	717	84	8780	2.4782493192535036	0.5733559914775886	0.04169604051298248	1.6369975965757844
REACTOME_PATHWAY	R-HSA-5602498:R-HSA-5602498	6	0.3599280143971206	0.0010837617060123028	10333, 929, 7099, 7096, 23643, 7097	717	11	8780	6.679345758843666	0.5758721667611253	0.04002095934957184	1.64827094192882
REACTOME_PATHWAY	R-HSA-1236977:R-HSA-1236977	6	0.3599280143971206	0.0010837617060123028	3135, 1520, 3106, 3134, 3105, 1515	717	11	8780	6.679345758843666	0.5758721667611253	0.04002095934957184	1.64827094192882
REACTOME_PATHWAY	R-HSA-5603041:R-HSA-5603041	6	0.3599280143971206	0.0010837617060123028	10333, 929, 7099, 7096, 23643, 7097	717	11	8780	6.679345758843666	0.5758721667611253	0.04002095934957184	1.64827094192882
KEGG_PATHWAY	hsa04020:Calcium signaling pathway	28	1.6796640671865628	0.0015016852434908733	5737, 113, 5578, 136, 1956, 2769, 7125, 3363, 154, 9127, 4638, 1131, 5137, 5136, 5159, 2903, 2065, 146, 147, 6546, 5156, 4843, 952, 7134, 810, 2774, 1909, 491	559	175	6596	1.8879427549194991	0.32749307512758385	0.015744454381052986	1.9497683828011425
KEGG_PATHWAY	hsa05217:Basal cell carcinoma	13	0.7798440311937612	0.0015031631612356811	81029, 2735, 8324, 7476, 6932, 652, 650, 2736, 7473, 5727, 51384, 7157, 7475	559	54	6596	2.8406546080964685	0.3277558108271691	0.01515830877651303	1.9516698732716775
REACTOME_PATHWAY	R-HSA-75205:R-HSA-75205	6	0.3599280143971206	0.0017339736715820916	5270, 5271, 5327, 5329, 5328, 5055	717	12	8780	6.12273361227336	0.7465943428890669	0.06049144041943799	2.6249397096851146
KEGG_PATHWAY	hsa05144:Malaria	12	0.7198560287942412	0.0017999193376034646	7042, 7099, 3689, 3082, 6347, 3553, 7097, 3569, 1311, 4233, 3383, 3576	559	48	6596	2.949910554561717	0.3784922266064894	0.017460830553745366	2.3327873651737496
KEGG_PATHWAY	hsa05142:Chagas disease (American trypanosomiasis)	19	1.1397720455908817	0.0022579669483733505	10333, 4843, 2769, 6347, 2774, 5290, 2770, 7042, 6352, 5293, 718, 10000, 3456, 7099, 3553, 7048, 7097, 3569, 3576	559	103	6596	2.1766330305503936	0.44941684459053277	0.02108794728536223	2.9183626963284692
REACTOME_PATHWAY	R-HSA-166058:R-HSA-166058	7	0.4199160167966407	0.00227743027044466	10333, 929, 7099, 11213, 7096, 23643, 7097	717	18	8780	4.76212614287928	0.8352789429653071	0.07541761741294462	3.4342904645274785
KEGG_PATHWAY	hsa04150:mTOR signaling pathway	13	0.7798440311937612	0.002453605684916138	5728, 673, 5578, 7249, 57521, 5290, 6198, 5293, 10000, 1977, 253260, 1978, 6195	559	57	6596	2.691146470828233	0.4771955926293847	0.02211550534804707	3.1674805972901177
KEGG_PATHWAY	hsa04810:Regulation of actin cytoskeleton	31	1.859628074385123	0.002485255922406796	1956, 56034, 2254, 3680, 2335, 3676, 4638, 1132, 2247, 369, 1131, 3678, 3696, 26291, 22801, 29895, 5159, 57144, 5880, 6714, 3673, 3672, 5156, 673, 3690, 2259, 5290, 4478, 3688, 5293, 3689	559	208	6596	1.7586005229117931	0.48155649431280045	0.021659464568107745	3.2077271061987545
KEGG_PATHWAY	hsa05332:Graft-versus-host disease	9	0.5398920215956808	0.0027363540163396005	3135, 3106, 3109, 3553, 3134, 3569, 3105, 3123, 3122	559	30	6596	3.539892665474061	0.5148938929905117	0.02306492735621224	3.52647686251778
REACTOME_PATHWAY	R-HSA-1592389:R-HSA-1592389	9	0.5398920215956808	0.00273640708452421	4313, 4318, 4317, 10893, 4316, 5644, 4322, 4323, 1515	717	31	8780	3.555135645836145	0.8855325632163857	0.08635303706584063	4.1129260426298835
KEGG_PATHWAY	hsa04612:Antigen processing and presentation	14	0.8398320335932814	0.003073825123926921	3135, 3823, 3824, 3822, 6891, 6890, 4261, 1520, 3106, 3109, 3134, 3123, 3105, 3122	559	66	6596	2.5029544099311543	0.5563589916299087	0.025078293250360706	3.9533434324562577
KEGG_PATHWAY	hsa05140:Leishmaniasis	14	0.8398320335932814	0.0035273048820446055	4843, 5743, 7042, 3676, 3688, 718, 3689, 7099, 3109, 3553, 7097, 2212, 3123, 3122	559	67	6596	2.465596881424719	0.6065710117241174	0.02787251325136364	4.524202114494091
KEGG_PATHWAY	hsa05164:Influenza A	26	1.5596880623875224	0.0036441017197072698	56000, 5578, 4599, 6347, 3383, 6352, 3456, 8793, 90865, 3109, 3553, 3576, 5646, 5644, 834, 5290, 5293, 10000, 7098, 4261, 7099, 51284, 3569, 91543, 3123, 3122	559	168	6596	1.8261351052048727	0.6185593517860626	0.027949051039546147	4.670722302860386
REACTOME_PATHWAY	R-HSA-2682334:R-HSA-2682334	8	0.4799040191961607	0.0038719241179903975	6714, 2044, 1969, 2051, 2534, 2047, 4067, 2048	717	26	8780	3.7678360690912993	0.9535155105601104	0.11551123123566187	5.77277348106553
KEGG_PATHWAY	hsa05152:Tuberculosis	26	1.5596880623875224	0.004269941609876203	843, 64581, 9902, 7042, 3456, 6850, 1520, 245972, 3109, 3553, 10333, 6714, 4843, 810, 929, 718, 10000, 4261, 3689, 7099, 7096, 7097, 2212, 3569, 3123, 3122	559	170	6596	1.8046511627906978	0.6768627537164797	0.03176119053614912	5.452298875774931
KEGG_PATHWAY	hsa05134:Legionellosis	12	0.7198560287942412	0.004795737782163477	929, 718, 2919, 7099, 3689, 2920, 2921, 3553, 7097, 834, 3569, 3576	559	54	6596	2.6221427151659706	0.7189212492258359	0.0346391834456552	6.104356622730178
REACTOME_PATHWAY	R-HSA-418594:R-HSA-418594	32	1.9196160767846429	0.005014824084324637	2919, 6288, 113, 4852, 2770, 2791, 6352, 221391, 1132, 6374, 4986, 6373, 54331, 6372, 5443, 2831, 8601, 3576, 5179, 301, 8490, 1901, 2920, 2921, 9290, 4887, 3352, 4543, 6364, 718, 5999, 2840	717	235	8780	1.6674678773850855	0.9812526982724649	0.1418275503439138	7.4162625577357755
KEGG_PATHWAY	hsa04611:Platelet activation	21	1.259748050389922	0.005103690910502785	1281, 1290, 3673, 6714, 113, 5321, 1301, 3690, 1302, 5290, 2770, 3688, 10000, 5293, 4638, 6850, 50509, 1289, 2534, 2212, 4067	559	128	6596	1.9358788014311272	0.7409733780794133	0.03585036030579303	6.484328368304205
KEGG_PATHWAY	hsa05020:Prion diseases	9	0.5398920215956808	0.005179982272722542	6352, 729, 4684, 3915, 2534, 3553, 3569, 730, 5621	559	33	6596	3.2180842413400557	0.7461646502352492	0.035437622225960363	6.578241631045123
KEGG_PATHWAY	hsa05215:Prostate cancer	16	0.9598080383923214	0.005191097843354432	6716, 5728, 7039, 673, 5156, 1956, 56034, 1026, 7157, 5290, 10000, 5293, 369, 6932, 898, 5159	559	86	6596	2.195282273162208	0.7469123122526213	0.03461786676334333	6.591917420714644
KEGG_PATHWAY	hsa04012:ErbB signaling pathway	16	0.9598080383923214	0.005191097843354432	57144, 6714, 2065, 7039, 673, 5578, 3084, 1956, 1026, 5290, 2069, 6198, 10000, 5293, 369, 1978	559	86	6596	2.195282273162208	0.7469123122526213	0.03461786676334333	6.591917420714644
KEGG_PATHWAY	hsa05410:Hypertrophic cardiomyopathy (HCM)	15	0.8998200359928014	0.005249467645360335	1756, 3673, 3672, 3680, 3690, 53632, 7134, 7042, 3676, 7169, 3688, 3678, 3696, 22801, 3569	559	78	6596	2.269161965047475	0.7508025564879703	0.034141314499480435	6.663701034407188
KEGG_PATHWAY	hsa05219:Bladder cancer	10	0.599880023995201	0.005253596350680557	6714, 4313, 673, 369, 4318, 1956, 1029, 1026, 7157, 3576	559	40	6596	2.949910554561717	0.7510754606781391	0.03334846660970392	6.66877661662324
REACTOME_PATHWAY	R-HSA-1257604:R-HSA-1257604	15	0.8998200359928014	0.005443193900938018	5728, 2065, 5156, 3084, 1956, 2254, 8660, 5290, 2069, 10000, 5293, 2247, 253260, 2534, 5159	717	81	8780	2.2676791156568004	0.9866645194946748	0.14777184741925065	8.025324400884436
KEGG_PATHWAY	hsa05166:HTLV-I infection	34	2.039592081583683	0.005670722032781509	1959, 113, 7476, 1029, 3601, 1026, 7473, 3600, 3383, 7475, 7042, 1030, 23373, 8324, 3106, 3109, 7048, 3134, 3105, 5159, 81029, 3135, 5156, 8061, 7157, 51384, 5290, 10000, 5293, 3689, 2113, 3569, 3123, 3122	559	248	6596	1.6176928847596517	0.7771667328293531	0.035114644540998	7.180253876350207
REACTOME_PATHWAY	R-HSA-445355:R-HSA-445355	9	0.5398920215956808	0.0061086234053734	7169, 59, 3672, 4638, 301, 800, 10580, 29895, 8291	717	35	8780	3.148834429169157	0.99214605782274	0.1589446829916844	8.964017716683426
KEGG_PATHWAY	hsa04014:Ras signaling pathway	31	1.859628074385123	0.006142827651344987	1435, 5578, 1956, 56034, 3082, 2254, 284, 3363, 2791, 4803, 2247, 54331, 26291, 4804, 5228, 4233, 5159, 57144, 5880, 2903, 5321, 5156, 1969, 7010, 810, 2259, 5290, 5293, 10000, 25780, 2113	559	221	6596	1.6551534333287465	0.8034243479713429	0.03712378536325045	7.756023107712606
KEGG_PATHWAY	hsa04360:Axon guidance	20	1.199760047990402	0.006485161471584435	57144, 54437, 5880, 2044, 22854, 2051, 1969, 5362, 2242, 2770, 1808, 10371, 3688, 8633, 64221, 84628, 2534, 2047, 4233, 2048	559	122	6596	1.9343675767617818	0.8205140440355558	0.038285537546435044	8.171460272884401
KEGG_PATHWAY	hsa05212:Pancreatic cancer	13	0.7798440311937612	0.006617275130034747	5880, 7039, 673, 1956, 1029, 7157, 5290, 7042, 1021, 10000, 5293, 369, 7048	559	64	6596	2.3968023255813953	0.8267061065859633	0.038201550927443595	8.331323326714413
KEGG_PATHWAY	hsa04670:Leukocyte transendothelial migration	19	1.1397720455908817	0.006882804413590684	51208, 5880, 4313, 4318, 5578, 9071, 9073, 10686, 3383, 9076, 5290, 2770, 3676, 4478, 5010, 3688, 5293, 3689, 29895	559	114	6596	1.966607036374478	0.8385149068205984	0.03886257599806131	8.6518476179403
REACTOME_PATHWAY	R-HSA-446107:R-HSA-446107	5	0.2999400119976005	0.009091779579785379	3918, 3914, 3861, 3852, 3909	717	11	8780	5.5661214657030555	0.999271475551319	0.2205138225236526	13.0632235901593
REACTOME_PATHWAY	R-HSA-2243919:R-HSA-2243919	5	0.2999400119976005	0.009091779579785379	5118, 649, 4017, 4015, 7092	717	11	8780	5.5661214657030555	0.999271475551319	0.2205138225236526	13.0632235901593
REACTOME_PATHWAY	R-HSA-2219530:R-HSA-2219530	12	0.7198560287942412	0.00949734523206331	5290, 2069, 5293, 2065, 5156, 2247, 3084, 1956, 2254, 2534, 8660, 5159	717	61	8780	2.408944372041978	0.99947299551554	0.22245211624468186	13.607001722801837
KEGG_PATHWAY	hsa05412:Arrhythmogenic right ventricular cardiomyopathy (ARVC)	13	0.7798440311937612	0.009581674927336246	1756, 3673, 3672, 3680, 3690, 3676, 3688, 3678, 3696, 6932, 1824, 22801, 1000	559	67	6596	2.2894828184658103	0.9212721943837814	0.05264366234772555	11.851473768663922
REACTOME_PATHWAY	R-HSA-193368:R-HSA-193368	7	0.4199160167966407	0.01084005957670092	1593, 9420, 8644, 1109, 5740, 1646, 1645	717	24	8780	3.57159460715946	0.999819774138759	0.24278378255469335	15.384697437965889
KEGG_PATHWAY	hsa04064:NF-kappa B signaling pathway	15	0.8998200359928014	0.011279432632753505	5588, 329, 5743, 23643, 330, 3383, 8740, 929, 6850, 7099, 7128, 3553, 4067, 5328, 3576	559	85	6596	2.0822898032200357	0.9499479269858128	0.060483035393986806	13.81085520087848
REACTOME_PATHWAY	R-HSA-983170:R-HSA-983170	7	0.4199160167966407	0.013303373656470533	3135, 6891, 3106, 6890, 3134, 64167, 3105	717	25	8780	3.428730822873082	0.9999749237932165	0.28183054054150225	18.557437952820933
KEGG_PATHWAY	hsa04620:Toll-like receptor signaling pathway	17	1.0197960407918416	0.013354510165953825	10333, 23643, 5290, 929, 6352, 10000, 5293, 7098, 3456, 7099, 6373, 3553, 51284, 7096, 7097, 3569, 3576	559	104	6596	1.928787670290354	0.9712565010873507	0.06987434116974256	16.151051012790617
REACTOME_PATHWAY	R-HSA-380108:R-HSA-380108	11	0.6598680263947211	0.014009484593425582	6352, 6364, 6374, 2919, 6373, 6354, 6372, 2920, 2921, 6347, 3576	717	56	8780	2.405359633393106	0.9999857657291075	0.2869313050861344	19.4461867857759
REACTOME_PATHWAY	R-HSA-449147:R-HSA-449147	10	0.599880023995201	0.014197648159976631	8807, 133396, 9180, 90865, 9173, 3601, 9235, 146433, 3600, 8809	717	48	8780	2.5511390051139005	0.999987760285499	0.2829941733227279	19.68148500714806
KEGG_PATHWAY	hsa04940:Type I diabetes mellitus	9	0.5398920215956808	0.014657341561847443	2571, 3135, 3106, 3109, 3553, 3134, 3105, 3123, 3122	559	39	6596	2.72299435805697	0.9797211525470783	0.07500184740997773	17.590194661278314
REACTOME_PATHWAY	R-HSA-447041:R-HSA-447041	4	0.23995200959808036	0.014728950949465296	286, 3688, 3673, 3672	717	7	8780	6.997409842598127	0.9999920094637066	0.2849122929207666	20.34241476268972
REACTOME_PATHWAY	R-HSA-166166:R-HSA-166166	4	0.23995200959808036	0.014728950949465296	929, 7098, 7099, 23643	717	7	8780	6.997409842598127	0.9999920094637066	0.2849122929207666	20.34241476268972
REACTOME_PATHWAY	R-HSA-1236974:R-HSA-1236974	14	0.8398320335932814	0.014780611867224876	10333, 929, 3135, 7099, 6891, 3106, 7096, 23643, 7097, 6890, 3134, 3105, 5698, 5696	717	82	8780	2.0906895261421234	0.9999923340984344	0.2790510155616097	20.406407954836368
KEGG_PATHWAY	hsa05231:Choline metabolism in cancer	16	0.9598080383923214	0.015582686726042792	5880, 5321, 5156, 5578, 1956, 56034, 7249, 1608, 5290, 6198, 10000, 5293, 9162, 1978, 6581, 5159	559	97	6596	1.9463327370304115	0.9841758569865512	0.07808145129982136	18.598461455233807
KEGG_PATHWAY	hsa05223:Non-small cell lung cancer	11	0.6598680263947211	0.015634236600927068	5290, 1021, 5293, 10000, 7039, 673, 369, 5578, 1956, 1029, 7157	559	55	6596	2.359928443649374	0.9843931197394102	0.07688442440829912	18.654294314129473
REACTOME_PATHWAY	R-HSA-3000480:R-HSA-3000480	6	0.3599280143971206	0.01577460688212265	286133, 1281, 1282, 1284, 4481, 8685	717	19	8780	3.8669896498568597	0.9999965501401102	0.2881753678482777	21.628366922360264
KEGG_PATHWAY	hsa05161:Hepatitis B	21	1.259748050389922	0.01690737610850371	843, 5728, 6714, 1959, 6775, 4318, 5578, 1026, 7157, 5290, 7042, 1021, 10000, 5293, 7098, 3456, 7099, 7097, 898, 3569, 3576	559	143	6596	1.7328145914907993	0.9889100003800861	0.0814307229488731	20.022037857680996
KEGG_PATHWAY	hsa04924:Renin secretion	12	0.7198560287942412	0.01729234035640831	1909, 2770, 116, 5732, 5734, 358, 5139, 3759, 5137, 5136, 810, 154	559	64	6596	2.212432915921288	0.9899993998936748	0.08174469600108247	20.431405944462668
REACTOME_PATHWAY	R-HSA-3928665:R-HSA-3928665	10	0.599880023995201	0.018346278615323987	6714, 4313, 2044, 4318, 1969, 2051, 2534, 2047, 4067, 2048	717	50	8780	2.4490934449093444	0.9999995644590558	0.3198479270825545	24.7089473919725
REACTOME_PATHWAY	R-HSA-428359:R-HSA-428359	3	0.1799640071985603	0.0188446426533336	10643, 10644, 10642	717	3	8780	12.24546722454672	0.9999997085368716	0.32013102819760575	25.29268322461249
REACTOME_PATHWAY	R-HSA-977606:R-HSA-977606	7	0.4199160167966407	0.019351795890588344	729, 718, 3426, 5627, 721, 720, 730	717	27	8780	3.1747507619195208	0.9999998063708535	0.32052377032851675	25.882368821416136
REACTOME_PATHWAY	R-HSA-445144:R-HSA-445144	6	0.3599280143971206	0.019655975634705728	3688, 4684, 1956, 3678, 3680, 3690	717	20	8780	3.6736401673640167	0.9999998485050289	0.31818233476182045	26.233959367303108
KEGG_PATHWAY	hsa04550:Signaling pathways regulating pluripotency of stem cells	20	1.199760047990402	0.019794300034535042	81029, 7476, 652, 1749, 650, 130399, 5080, 7473, 51384, 7475, 3624, 5290, 5293, 10000, 3976, 2247, 8324, 5460, 3400, 80712	559	136	6596	1.7352415026833632	0.9948979226294715	0.09150472388390773	23.04516105180493
KEGG_PATHWAY	hsa05202:Transcriptional misregulation in cancer	23	1.3797240551889622	0.01981153339476607	4208, 860, 3206, 4318, 8091, 30012, 1026, 7157, 51384, 929, 3486, 4221, 5327, 2138, 7048, 4804, 2115, 3569, 4005, 4233, 3576, 5328, 2119	559	164	6596	1.6548278720712073	0.994921549163899	0.09002195294949111	23.06288616286942
REACTOME_PATHWAY	R-HSA-75892:R-HSA-75892	5	0.2999400119976005	0.022660680125398604	3688, 3673, 3672, 2534, 4067	717	14	8780	4.373381151623829	0.9999999866374659	0.35058672425223747	29.624218737643403
KEGG_PATHWAY	hsa05414:Dilated cardiomyopathy	14	0.8398320335932814	0.023259488097220088	1756, 3673, 3672, 113, 3680, 3690, 7134, 7042, 3676, 3688, 7169, 3678, 3696, 22801	559	84	6596	1.9666070363744783	0.9979968701301302	0.10327028079839973	26.53434578582755
REACTOME_PATHWAY	R-HSA-1433557:R-HSA-1433557	8	0.4799040191961607	0.024158532737718515	5290, 6714, 4318, 5578, 2534, 4067, 2242, 9402	717	36	8780	2.7212149387881603	0.9999999960280681	0.36228306723659576	31.25933470385055
KEGG_PATHWAY	hsa00140:Steroid hormone biosynthesis	10	0.599880023995201	0.025515492838116133	54575, 6716, 54578, 1583, 9420, 8644, 1109, 1646, 1543, 1645	559	51	6596	2.3136553369111508	0.9989121128068761	0.1109900569017751	28.726803556191626
REACTOME_PATHWAY	R-HSA-190861:R-HSA-190861	8	0.4799040191961607	0.0277718713270413	347733, 84617, 2706, 10804, 10052, 2709, 2707, 127534	717	37	8780	2.6476685890911833	0.9999999997888301	0.3972943372402996	35.0588092102734
KEGG_PATHWAY	hsa04066:HIF-1 signaling pathway	15	0.8998200359928014	0.02791969479646912	1956, 4843, 7010, 5578, 80201, 1026, 284, 5290, 6198, 5293, 10000, 7099, 1977, 1978, 3569	559	95	6596	1.8631014028810846	0.9994332832197931	0.11900730711999097	30.996647272239596
REACTOME_PATHWAY	R-HSA-399956:R-HSA-399956	5	0.2999400119976005	0.02895544314411286	1808, 10371, 2534, 5362, 2242	717	15	8780	4.081822408182241	0.9999999999194299	0.4033869368367283	36.2600404068337
REACTOME_PATHWAY	R-HSA-5365859:R-HSA-5365859	6	0.3599280143971206	0.029173737770196887	10170, 220, 8854, 216, 8644, 340665	717	22	8780	3.339672879421833	0.9999999999325566	0.39897853411384343	36.479310688720545
KEGG_PATHWAY	hsa05321:Inflammatory bowel disease (IBD)	11	0.6598680263947211	0.03061928050840561	7042, 8807, 7099, 6775, 3109, 3553, 7097, 3569, 3123, 8809, 3122	559	61	6596	2.1278043344379602	0.9997280333336529	0.12788197764083897	33.465681939889244
REACTOME_PATHWAY	R-HSA-418555:R-HSA-418555	19	1.1397720455908817	0.031131936725662262	116, 5729, 5732, 5744, 113, 136, 5734, 27115, 9340, 10203, 3363, 154, 2770, 2791, 59350, 54331, 5139, 5136, 5443	717	138	8780	1.6859701251187518	0.9999999999863438	0.4127313434838513	38.41497268551068
REACTOME_PATHWAY	R-HSA-391908:R-HSA-391908	4	0.23995200959808036	0.03125243493196745	5729, 5737, 5732, 5734	717	9	8780	5.442429877576321	0.9999999999876233	0.4073987361076429	38.53226445878858
REACTOME_PATHWAY	R-HSA-389356:R-HSA-389356	4	0.23995200959808036	0.03125243493196745	6714, 2534, 4067, 9402	717	9	8780	5.442429877576321	0.9999999999876233	0.4073987361076429	38.53226445878858
KEGG_PATHWAY	hsa04520:Adherens junction	12	0.7198560287942412	0.0318641041693402	25945, 6714, 5880, 1956, 2534, 6932, 10580, 7048, 6591, 5787, 6615, 4233	559	70	6596	2.02279580884232	0.9998062734079631	0.13077091473813796	34.57647688361155
REACTOME_PATHWAY	R-HSA-937041:R-HSA-937041	6	0.3599280143971206	0.03485592827815081	929, 7098, 7099, 329, 330, 23643	717	23	8780	3.1944697107513185	0.9999999999993507	0.43600761925363485	41.94488757572648
KEGG_PATHWAY	hsa05220:Chronic myeloid leukemia	12	0.7198560287942412	0.03495083618597544	7042, 5290, 1021, 5293, 10000, 673, 369, 2122, 1029, 7048, 1026, 7157	559	71	6596	1.9943057270276399	0.9999166219308997	0.14056999213692623	37.25738726020763
REACTOME_PATHWAY	R-HSA-168188:R-HSA-168188	3	0.1799640071985603	0.03566000607506916	10333, 929, 7097	717	4	8780	9.18410041841004	0.9999999999996642	0.43698310820562436	42.68180646790925
REACTOME_PATHWAY	R-HSA-1963642:R-HSA-1963642	5	0.2999400119976005	0.03618472531590193	5290, 2069, 2065, 3084, 1956	717	16	8780	3.8267085076708507	0.9999999999997817	0.43539196983099027	43.15797493325052
REACTOME_PATHWAY	R-HSA-1227986:R-HSA-1227986	6	0.3599280143971206	0.04117589372649719	2069, 6714, 2065, 3084, 1956, 2534	717	24	8780	3.06136680613668	0.9999999999999964	0.4725014756452315	47.50610457319115
KEGG_PATHWAY	hsa05169:Epstein-Barr virus infection	17	1.0197960407918416	0.04199217312723161	3135, 960, 1026, 7157, 3383, 5290, 7431, 10000, 5293, 6850, 7128, 3106, 3134, 4067, 3105, 3123, 3122	559	119	6596	1.6856631740352672	0.9999879376725043	0.16453650581300971	42.997698936170934
REACTOME_PATHWAY	R-HSA-2562578:R-HSA-2562578	4	0.23995200959808036	0.04199786144040488	929, 7098, 7099, 23643	717	10	8780	4.898186889818689	0.9999999999999982	0.47288729770966675	48.19162893243677
REACTOME_PATHWAY	R-HSA-373760:R-HSA-373760	4	0.23995200959808036	0.04199786144040488	1272, 284217, 3915, 2048	717	10	8780	4.898186889818689	0.9999999999999982	0.47288729770966675	48.19162893243677
KEGG_PATHWAY	hsa05160:Hepatitis C	18	1.0797840431913617	0.04342991032546471	51208, 673, 1956, 9071, 9073, 10686, 1026, 7157, 9076, 3434, 5290, 5010, 10000, 5293, 7098, 3456, 369, 3576	559	129	6596	1.6464617048716563	0.9999918860106506	0.16736092510830747	44.10843119166012
KEGG_PATHWAY	hsa05211:Renal cell carcinoma	11	0.6598680263947211	0.0449975763721081	7042, 57144, 5290, 5293, 10000, 7039, 673, 369, 3082, 2113, 4233	559	65	6596	1.996862529241778	0.9999947376337662	0.17055536753458456	45.296735005477615
KEGG_PATHWAY	hsa04390:Hippo signaling pathway	20	1.199760047990402	0.045515291391995394	154796, 81029, 7476, 652, 25937, 8200, 650, 6591, 2736, 7473, 51384, 7475, 654, 7042, 3689, 8324, 1490, 6932, 7048, 7531	559	149	6596	1.583844593053271	0.9999954395317482	0.17000418887718471	45.684012183902546
KEGG_PATHWAY	hsa05162:Measles	18	1.0797840431913617	0.04622008469707724	5588, 4599, 7157, 5290, 4478, 1021, 10000, 5293, 8793, 3456, 7099, 7128, 2534, 3553, 51284, 7097, 898, 3569	559	130	6596	1.633796614834182	0.9999962475265791	0.17011165372339043	46.207163637212254
KEGG_PATHWAY	hsa04068:FoxO signaling pathway	18	1.0797840431913617	0.04622008469707724	5728, 673, 1956, 1901, 53632, 8660, 1026, 5290, 7042, 1030, 5293, 10000, 369, 6446, 7048, 2290, 3569, 3575	559	130	6596	1.633796614834182	0.9999962475265791	0.17011165372339043	46.207163637212254
KEGG_PATHWAY	hsa00120:Primary bile acid biosynthesis	5	0.2999400119976005	0.04968332716661507	1593, 51302, 9023, 9420, 1109	559	17	6596	3.4704830053667264	0.9999985637035521	0.17950277055666075	48.71088964849738
