1499
301
231
598
8678
5894
840
857
2099
2067
2309
8061
NA
2065
3084
3303
3667
3717
3932
4193
5604
2475
4790
1027
1432
6195
5054
5163
8682
5578
5580
57580
5925
29072
6426
2617
3925
7248
7494
4904
2563
NA
9651
NA
NA
79258
388588
NA
148345
NA
149563
51702
353238
84966
22977
5320
2046
NA
79727
79570
NA
2899
284716
163720
NA
22996
NA
1733
388633
199920
5733
NA
NA
431707
9635
676
127003
57535
NA
128344
3752
NA
NA
3158
NA
5174
100034743
101954277
8416
149428
8991
11189
6097
448834
148327
480
5087
NA
NA
NA
NA
100287822
6004
339479
NA
81494
9283
NA
NA
NA
2331
391155
100128723
55224
NA
NA
29949
50604
NA
100128537
388743
10753
NA
128178
64388
NA
NA
7066
NA
NA
NA
NA
NA
NA
NA
100874413
3754
NA
NA
130813
9687
106479468
23620
100499171
NA
388
NA
130106
101060039
NA
NA
NA
114800
9027
NA
165545
10791
8869
NA
NA
107133497
729171
NA
431705
3899
NA
164832
6549
NA
57628
NA
NA
NA
NA
NA
84084
100130693
NA
NA
653269
440915
101927994
100631247
NA
NA
NA
NA
NA
NA
3760
90134
100861402
4036
NA
30061
107126360
344454
NA
26154
3485
3488
NA
NA
NA
NA
3577
NA
23704
NA
NA
106479354
NA
NA
79083
51052
NA
NA
189
NA
NA
64090
NA
129807
152330
NA
285368
152273
NA
NA
645548
1524
1237
344697
25924
7433
100874007
7123
1234
5745
820
646424
9254
1154
776
8309
57415
132203
NA
100287879
253559
100874029
54847
100874030
89876
9515
111
100873992
200810
79825
NA
7200
646300
131034
8419
85003
64084
NA
116931
100874035
NA
100129403
165679
NA
79782
26996
6657
79929
8646
9370
2257
NA
347
100128262
NA
NA
NA
NA
NA
84179
10815
NA
55351
NA
5522
NA
27201
NA
100421805
100421806
201853
27146
NA
399
10396
7367
7366
NA
7363
54490
401138
25849
441027
728128
NA
56955
55024
80319
NA
NA
64579
NA
644962
NA
NA
100270834
NA
729566
51802
NA
100422445
4886
NA
NA
1363
NA
NA
442117
NA
NA
NA
6531
285577
108
1501
23194
1008
NA
64902
5618
NA
202151
2690
NA
100129792
6414
NA
4671
NA
84059
285600
NA
3781
728342
NA
NA
103689846
171019
100127206
134548
NA
NA
9547
153328
NA
51237
56145
56144
56141
56139
56106
NA
NA
2566
NA
NA
NA
3779
NA
4488
253314
2264
NA
NA
5626
NA
23138
NA
NA
NA
54898
100506409
NA
401236
10590
10786
1041
80736
3118
100507584
2914
29993
25803
1769
57497
27232
11131
NA
389396
135398
10321
7021
2940
NA
3354
1081
2045
84539
221262
100533665
221262
NA
64711
2173
10924
5167
NA
387065
100873904
NA
59351
NA
389434
80129
106481438
NA
NA
202915
155185
NA
253933
NA
NA
NA
30010
10551
155465
9207
NA
NA
NA
222171
11185
554236
9844
353345
6967
6966
6968
6970
6983
100689074
816
64005
10268
168507
222008
NA
NA
441234
NA
64409
106479318
171022
1365
NA
NA
799
NA
7455
4584
100129424
NA
1811
4897
83992
154860
NA
106479969
346689
5304
26047
55365
26
5799
NA
NA
154822
7434
64478
113675
NA
57604
6542
9
2675
NA
NA
1191
1846
NA
619351
NA
157855
NA
NA
80139
NA
100271087
195814
NA
1548
NA
NA
5569
NA
157724
NA
NA
NA
NA
NA
1345
26166
NA
NA
NA
100130158
NA
8000
1585
114822
642475
NA
225689
NA
100128338
NA
340390
NA
NA
27290
27019
392307
NA
NA
5239
NA
NA
10912
89846
203328
2203
54886
401546
138065
NA
259
113220
NA
2844
NA
4010
414318
NA
NA
9022
56654
NA
2902
389816
100505993
375791
92714
105
NA
57713
399717
NA
2625
338591
NA
340895
100873340
101928904
NA
9576
119180
91074
NA
100422505
106481836
101929520
646360
100312806
219752
NA
221002
NA
653268
4477
728990
219793
79933
51207
3778
NA
NA
NA
414243
729238
6441
NA
10718
6623
414217
NA
643161
NA
338557
9211
29760
112817
5076
NA
114815
282996
27250
NA
150
4892
2674
143379
NA
NA
196051
NA
1902
119587
256536
NA
NA
NA
NA
NA
NA
283229
4588
4583
4586
727897
338651
440023
NA
NA
51214
7054
430
29850
NA
399857
3263
10612
23647
143425
NA
8495
NA
390091
57758
3767
6833
144110
283284
NA
338645
NA
NA
6506
25891
8534
NA
90993
2346
92292
51338
84689
728588
22917
NA
4246
10647
4250
387778
347853
222
NA
NA
NA
100462795
NA
100874198
100874199
387273
100421860
10809
NA
89849
NA
NA
7069
NA
1740
5241
NA
NA
NA
255239
644672
NA
NA
143941
2900
390275
116337
NA
50863
NA
22997
NA
NA
654429
100271702
56341
84766
57101
57613
55885
6579
NA
341359
120892
283463
80070
4753
8909
1280
NA
NA
27289
NA
5630
23017
11226
NA
NA
26628
NA
NA
3849
8435
NA
NA
NA
121355
5153
NA
319
8608
23329
NA
NA
NA
NA
196446
283310
5801
8825
79611
8499
NA
NA
338809
NA
196475
NA
160728
4604
5053
121549
NA
NA
NA
NA
32
121643
NA
23316
NA
NA
NA
NA
54997
84530
26353
NA
27198
144347
400084
NA
NA
4326
22953
51761
387914
2322
NA
100129452
341640
400128
100130718
2974
341676
644623
100507428
64881
266722
100420921
6564
100885778
NA
NA
2155
641455
23428
100507650
10202
196883
NA
4857
NA
102725045
NA
NA
5083
NA
3169
319089
677823
400208
NA
NA
NA
6252
161145
57475
NA
106479480
57452
400224
56936
326611
122970
641372
NA
7043
9369
NA
NA
NA
79820
414130
NA
NA
866
5265
256394
5267
NA
9623
56967
623
123099
91828
388021
100128927
1396
319136
3494
3497
3503
338005
2567
NA
161835
255189
161497
80237
NA
80031
6557
NA
102466227
771
NA
9543
NA
NA
NA
414926
79875
196993
NA
NA
10002
NA
594855
NA
1381
254559
5346
8912
NA
NA
25823
NA
8938
NA
64711
25837
124220
124221
283875
101929613
NA
10893
NA
NA
9717
146556
18
NA
NA
146279
400500
NA
NA
255027
124274
2813
7369
54988
116285
7783
1428
146395
55911
56005
6817
NA
NA
653808
79153
94160
NA
85320
869
NA
NA
1006
283848
51673
NA
6898
197257
57687
10143
342419
NA
NA
83657
124359
NA
NA
NA
1012
NA
NA
NA
123872
NA
390748
863
NA
NA
NA
489
NA
23302
247
NA
59344
146852
23533
388336
51655
NA
3768
NA
NA
645668
NA
NA
NA
8456
40
6359
NA
NA
NA
6143
5409
51195
3487
192666
643115
8686
8688
3882
65266
4137
79170
3211
284076
124872
NA
162466
NA
NA
55040
124857
10140
400604
NA
NA
NA
NA
NA
NA
NA
27092
NA
786
NA
NA
9120
100500847
9368
347741
283987
NA
643008
NA
NA
56651
NA
23136
284233
374860
NA
NA
100421589
NA
6563
5596
NA
220441
596
1005
147381
400660
NA
126353
92840
126520
170961
440503
257000
125981
649
729648
55908
114770
126410
100422238
11283
NA
84941
117286
10365
27151
106479522
NA
NA
7757
163223
100287226
441843
646864
100128853
57616
NA
1050
NA
64377
NA
NA
3249
2867
11045
NA
57828
171523
1548
1549
22952
NA
1556
NA
1555
1572
NA
NA
1087
1048
NA
1084
147719
284340
388551
27202
NA
84215
342918
NA
8778
2359
100271846
NA
NA
91662
646643
79818
NA
400830
7053
56914
5126
57419
26074
3642
4821
5075
128790
NA
128821
128822
1472
1469
1470
92086
80341
128859
149954
140683
276719
317716
92747
11264
140696
11122
10110
128481
140730
NA
81031
140876
NA
170529
8537
NA
NA
407022
149775
NA
11255
100652730
1137
1917
6725
106480194
4661
642460
81078
54055
100419042
391267
100462811
150000
387491
401
NA
54102
54064
NA
NA
100506428
84677
2078
106480743
150084
5121
1826
100506492
89766
9619
7033
7031
89765
NA
23783
7451
NA
83733
NA
2679
NA
128997
8816
728441
23751
649264
150244
NA
NA
NA
NA
27124
105373004
9215
100874331
100506195
4151
164656
8911
2847
94009
253190
NA
7380
107985535
NA
400935
4935
357
2925
NA
10054
158724
NA
7682
392465
NA
653067
54328
347365
677799
203569
90737
60401
54857
2705
4435
4674
340533
9452
27328
286499
139221
392517
NA
2747
158763
7547
100129662
6658
4110
101410537
392557
4100
1485
NA
