857
301
3932
2335
1956
1029
5111
8061
25937
4088
6774
1001
5594
4771
1499
4233
898
841
6615
4629
572
4904
7157
60
1857
5578
9636
388585
115110
54626
3604
5293
101929074
26232
943
7133
54751
1188
1969
100132147
284729
4237
29943
978
57576
400745
249
2048
646262
3352
58985
864
2827
2537
9473
115273
399474
4146
64129
1307
252995
113451
2709
127534
2707
27285
1296
2275
54933
192217
84618
51440
64175
128209
359803
10158
63950
2882
348378
127435
148979
26027
55001
255738
163782
4919
101927034
57685
79971
11147
257194
256435
81849
26289
91624
54810
5737
10964
10561
729779
23266
729828
115362
163351
400759
400761
84230
105378853
105378854
164045
2672
2152
100996635
1806
729987
9890
1901
118427
1301
22854
79574
1435
257
1117
284467
100996702
105378912
6566
100506392
26191
163259
10100
4803
126868
6913
9900
84072
1520
388697
6703
6700
6274
6273
126669
126668
23208
10485
10763
55243
100505785
912
3428
9447
343413
100505633
57216
9507
2212
25903
4921
5999
8490
387597
23432
1805
79100
5396
2328
388714
2327
100628315
8995
89866
100302401
3915
110841583
3918
23127
83872
5743
103752588
5321
5997
8707
3078
127124
554279
23046
91156
59352
1116
284576
93273
100129102
5362
3914
101930114
50486
55509
728463
7042
110806276
401982
83881
79605
27185
104472714
100506795
4811
1131
440738
10000
55083
285016
104326052
129607
91543
386597
192668
101929715
100506457
28951
729475
7447
114818
5443
150946
7781
64838
2646
100129995
388939
79745
81606
7498
25780
100288911
23683
25797
101410544
6546
388942
400950
23498
102723854
100134259
285051
55704
2202
53335
100271132
57162
200558
9938
84168
7039
119
50489
8291
388960
84141
129293
100874334
150572
4118
30818
150771
101927070
731220
9448
9173
8809
8807
5455
10913
100287216
344558
129804
3553
103344932
107985816
2019
8685
165257
2736
29842
339761
5624
55679
2840
401007
116372
9839
150596
9111
7130
114793
130399
9936
4065
1803
2191
55137
6328
6326
80034
129446
10170
100533664
100128621
2571
1745
1746
104326193
101929947
91149
100128905
285084
3239
3237
3236
3235
51661
3676
375298
5136
2487
151112
10203
1281
1290
3628
6775
8436
843
100873263
151254
107075148
107075158
65061
8324
8828
2825
8745
105373853
4133
33
646324
92691
1593
53632
7475
101928537
10290
7857
5270
1286
6364
164781
92737
81618
9290
250
347694
251
54658
54578
339766
10123
107080627
1293
151176
117581
8536
491
6529
3269
6854
7079
7476
117248
23228
131096
100874092
100873979
27303
7048
112616
26032
6769
3680
6331
165904
285349
7047
25907
389119
79012
7134
790952
353324
56999
727936
236
100288801
389136
5627
415117
100874207
10402
100419185
131566
100506377
1295
55076
84692
100506555
25945
79413
29114
151887
7348
57514
100271105
100874246
141
11167
54437
4638
54763
56667
166012
100419008
166348
7018
105374119
2047
51208
199221
103344930
668
401089
26577
285195
57088
57047
5359
1359
1356
4071
53836
285313
201651
4311
339894
105374177
100498859
5806
6474
5918
29970
80117
100287630
27333
2122
151827
5010
27074
84002
10644
646600
344887
2119
1608
3273
280644
64108
55214
100420621
9076
10686
344901
106480738
257313
105374289
131583
375387
4241
348840
285498
10417
133060
27065
132884
84740
9957
285548
952
9982
10891
100873193
23231
23216
81793
7096
10333
80008
51088
101060498
7345
57205
201780
326340
339977
5156
100506564
3490
255130
2044
100144602
27284
4589
258
8671
9508
3576
6372
2919
6374
2921
2920
2069
419
6373
80144
306
100505702
118429
56978
153020
10855
51191
6622
8633
115265
84570
3426
8492
79931
84109
132332
7222
100996941
729338
2247
79633
57575
132430
54510
23657
3600
1909
23321
7097
285533
54798
9227
166863
4887
56034
59350
101928151
7092
55601
11341
9464
79804
133121
7098
25854
105377595
4543
132625
79192
170690
651746
54491
56172
107986408
4479
1004
4883
3575
6507
101929768
9180
101926940
5734
84674
730
729
345557
3672
10468
11082
493869
133396
79722
345651
101928539
101928741
4131
134285
22987
2151
23743
635
1462
10085
4208
101929423
100505994
107984114
5122
64167
5066
1036
644100
51334
4015
9627
57507
84466
2201
6932
7045
6695
929
56129
56127
56126
56125
56124
56098
56097
64411
389336
404203
153218
154
79628
255187
134265
728264
5159
1044
2196
6678
8728
11063
1879
101927740
105377682
147
107075116
285629
100131897
30820
2568
30012
340037
9509
255426
9945
94234
2295
2296
154386
105374885
221756
5272
100132153
347733
648791
51299
654
221718
106660610
84830
54438
221687
9308
3400
9750
11118
10384
100419608
10537
346171
3134
352962
3135
3105
352966
4279
3137
10107
89870
170679
5460
100130889
3106
267015
10866
100130756
104413891
720
1590
721
4855
101929163
3122
3123
6891
5696
100507463
6890
5698
3109
1302
6954
57699
5292
23500
221416
860
53405
10231
51302
7941
221395
222611
221393
106480869
221391
101927171
90523
27283
652411
221336
9532
1310
79940
115004
135228
27145
9892
9096
102724201
4907
135295
135293
6492
2898
389421
11149
64208
639
55084
7101
2534
3910
442247
29940
441168
254228
6098
285761
135112
84870
9729
387104
352999
442258
3908
114801
100507203
1490
100507254
26002
8876
100507308
154091
6446
101928231
154092
27115
116379
7128
5325
8676
9590
26034
26230
117289
84624
6581
80350
56895
401286
441178
101929484
392617
6624
2115
392636
4223
25928
9734
3696
8701
3569
109729180
84668
10643
256355
4852
1687
3198
100506311
3199
3200
285943
3201
100133311
3202
3203
3204
3205
100874323
3206
3207
221883
100128081
358
223075
5137
313
79783
101928744
3624
285954
23072
100506895
3486
55380
84847
256979
7378
81552
360132
100418718
8460
2006
7461
6369
2770
3082
10371
5243
79689
26872
1021
54809
219285
7980
2791
51666
1780
285987
1750
1749
4885
79690
100129845
5118
375607
136227
10234
349152
5649
111216280
858
56311
51384
5803
2318
375616
1358
51200
100506860
231
57016
441282
800
5764
9162
27147
93432
5644
28638
2051
1180
100131176
155051
1672
4481
286097
51201
55790
11178
649
9796
8793
4017
10863
10687
1808
286133
29942
78986
25960
3620
169355
56892
6422
286
5327
389655
113523635
6591
137133
389658
2831
4986
8601
4067
5324
5179
100507632
9760
100505532
27319
9420
80243
2138
100132891
9242
9312
157869
23643
3174
100192378
79776
245972
793
64168
100127983
203111
286151
115908
29967
284
2131
4982
105375734
312
727677
137196
100130376
56169
137835
169044
54742
1761
401491
7436
101929302
169792
29126
80380
90865
101929467
401492
158326
100419056
54796
111216284
54875
6456
3456
646581
3474
554202
338376
51198
1030
1993
7010
158038
5646
768
7169
646962
158376
392313
8434
152007
10020
79937
728577
644576
100288827
3532
100289028
138255
256691
80036
9615
216
140803
5125
158471
29968
64078
2619
100506834
6850
1842
56033
5727
1515
7111
2304
8577
23732
79987
158401
100128385
5069
7099
105376261
100379345
3934
401554
10319
84628
286310
28
1289
57582
100652988
100216001
338588
1645
1646
8644
100996684
1109
810
105376382
3601
5588
439949
108570035
100507127
207107
10659
414196
221061
8029
7431
221074
56952
219670
53904
283078
57608
6935
3688
101929475
8829
414194
11067
240
644168
80114
107984237
1959
340888
84665
80201
64106
27143
140766
9469
5328
219348
92211
2894
100132116
59
9023
3433
3437
3434
3363
27063
340665
10580
100188954
5309
9118
119395
102724341
340706
101927868
5654
1755
390010
387718
8038
101101772
118611
119467
8519
10410
10346
112464
341277
338322
65975
27122
387755
55553
729347
10083
340990
6291
6288
387758
5080
25758
4005
960
79899
90139
1132
100507401
4038
5553
29015
710
728641
6947
745
254122
57124
266743
2950
283208
10008
11309
100507050
2615
65987
120114
159989
143686
84441
79780
53942
143872
7225
330
4316
9313
4317
4322
643733
838
834
114769
85463
5450
143903
1410
3316
4684
3359
4837
6876
4162
114902
23650
220323
84959
56253
79827
55800
64221
54538
2113
3762
219833
11095
100507431
440073
4815
100292680
81029
27239
716
715
283314
2
387837
51267
64581
3824
3823
3822
2012
283422
100271303
100506393
5139
6489
586
56938
5744
100287314
101929027
144402
144165
100233209
51411
401720
9119
3854
286887
3853
3852
3489
4778
3678
2735
253827
8091
100129940
11213
5787
5801
8549
29953
283392
11010
1466
89795
8092
9182
4922
4060
574028
100507616
84101
83468
160428
9891
9671
1240
9478
100507206
387895
2706
10804
2254
1045
100507064
84935
100507135
10631
7223
10186
28984
10562
5457
10253
100507533
9071
22873
259232
9358
2259
728192
8660
1282
1284
100129836
100874203
283487
348013
338879
29986
84659
55701
28526
9056
4323
29091
103695363
2290
1690
9472
283547
161342
105370496
54331
22795
5729
5732
105370503
652
57161
145407
51339
101927780
100750246
145376
4053
5228
58157
101928767
10516
123041
79890
3429
388015
145200
105370681
105370683
113146
4948
89837
653075
89832
390561
653125
26585
145989
100507466
729073
57519
9333
50506
90527
90525
2200
10017
26108
8854
366
101928694
51285
22801
10391
729611
55323
57611
3671
64220
80125
1583
1543
11173
646
107080636
109729113
4828
9154
642935
145864
4240
290
2242
28232
8128
56963
196968
220
30812
260429
9235
2903
4261
730092
29895
7041
102577425
400533
113
105371248
79190
4313
84290
6530
51716
1066
4499
4495
84166
221188
1009
283867
100505865
146227
123920
6236
146206
3038
146433
794
10164
4166
23406
83716
2303
2300
102724344
84627
1013
359845
64359
9032
22861
54739
9340
9955
136
201161
51393
353194
400578
147228
339241
729252
339244
348254
347716
347717
353196
644945
284196
339263
3965
4843
374786
729682
2124
2123
6347
6354
100506736
342667
3857
3861
3868
3872
284119
8506
4222
284071
10052
7473
4635
3690
10642
4804
55273
645638
9902
80774
3384
284021
201134
101928122
3773
400617
3759
400619
146795
114757
439921
400624
101928710
100507410
114897
116
84034
100505592
645369
91133
79822
284217
101927323
63895
2774
84617
101927642
3909
25925
1000
1825
147409
1830
9331
57565
80206
9388
83876
100287225
6925
115701
55205
147372
5366
642996
5268
89777
5275
6318
6317
8710
5055
5273
284293
5271
28513
79839
101060542
100505817
125704
4155
2769
284422
126326
8744
970
8740
718
2015
84467
81794
50509
3383
1264
26659
6511
23581
652995
284434
1311
102724360
404037
53345
126242
53822
53827
84063
94274
3963
653499
115290
390928
8190
558
5671
57126
5329
106479357
147710
341
147920
645553
727703
147906
64100
2014
54922
26291
94115
28968
57333
25818
5653
5650
11202
284366
5655
125965
284418
284297
204801
100130490
201516
284759
128646
10326
55423
101929010
140885
100288797
54498
728228
146
5621
128674
164312
55612
650
56255
57144
182
101929395
23767
140836
105372556
140828
101926955
400841
2307
10893
8200
85449
90187
84969
100
3787
5266
10406
7125
4318
64405
5740
101927512
100506115
1591
164284
149773
1299
54345
246312
54075
378818
140578
114614
116159
11096
654376
9073
100996609
3772
4599
150135
54101
106481742
101928399
3689
727699
388830
54039
1291
1292
266673
100130418
26220
388849
91179
9127
440799
29774
110806283
3976
284904
23755
9514
6948
23762
6523
80830
5880
27128
3957
3956
84645
6663
80115
4248
104502417
9402
27254
150372
64098
85352
100506737
100129464
1183
4281
51284
109729169
660
59272
57393
4810
389840
30011
256714
257240
286460
139411
4115
190
1756
347404
8406
104457406
407006
401585
643309
101927574
55190
65267
4478
27160
169966
10824
27286
56000
51186
80712
23630
2182
91851
154796
57631
5358
203413
55026
644538
2273
79649
10046
29944
633
347613
