57580
5728
367
2625
2194
2065
8821
3485
8678
310
27250
4893
369
7249
5163
2099
1027
2563
9651
79258
388588
148345
101929181
149563
51702
84966
22977
5320
2046
79727
79570
2899
284716
163720
22996
102724097
1733
388633
199920
5733
431707
9635
676
127003
57535
128344
3752
643355
101929023
3158
5174
8416
149428
8991
11189
6097
448834
148327
480
5087
100287822
6004
339479
101929120
81494
9283
641515
730227
2331
391155
100128723
55224
101929441
29949
50604
100128537
388743
10753
128178
64388
101927362
7173
150622
101929567
100874413
3754
645054
130813
9687
106479468
23620
100499171
104797537
388
130106
101060039
114800
9027
165545
10791
8869
101928113
107133497
729171
431705
3899
164832
6549
105373984
57628
389023
389033
101927924
100131320
84084
100130693
646710
100216479
653269
440915
101927994
100631247
114515520
100132376
3760
90134
100861402
4036
30061
107126360
344454
26154
3488
100129310
3577
646532
23704
106479354
79083
51052
189
728763
64090
129807
152330
285368
152273
645548
1524
1237
344697
25924
7433
100874007
7123
1234
5745
820
646424
9254
1154
776
8309
57415
132203
100287879
253559
100874029
54847
100874030
89876
9515
111
100873992
200810
79825
7200
646300
131034
8419
85003
64084
116931
100874035
100129403
165679
101243545
79782
26996
6657
79929
8646
9370
2257
100505920
347
100128262
84179
10815
402160
55351
5522
27201
106480291
100421805
100421806
201853
27146
101929199
399
10396
7367
7366
10720
54490
401138
25849
441027
728128
56955
55024
80319
64579
107986311
644962
100507639
100270834
105377466
729566
51802
285505
100422445
4886
100505989
100506013
1363
100506085
101928223
442117
100506229
6531
285577
108
1501
23194
1008
101929660
64902
5618
202151
2690
100129792
6414
4671
105379036
84059
285600
105379197
3781
728342
101927280
103689846
171019
100127206
134548
9547
153328
389332
51237
56145
56144
56141
56139
56106
2566
3779
4488
253314
2264
5626
23138
54898
100506409
401236
10590
10786
1041
80736
3118
100507584
2914
29993
25803
1769
57497
27232
11131
101929726
389396
135398
10321
7021
2940
105377880
3354
1081
2045
84539
100533665
221262
442242
222537
2173
10924
5167
387065
100873904
59351
100132735
389434
80129
106481438
202915
155185
253933
30010
10551
155465
9207
222171
11185
554236
9844
353345
6967
6966
6968
6970
6983
100689074
816
64005
10268
168507
222008
441234
442325
64409
106479318
171022
1365
101927126
799
7455
4584
1811
4897
83992
154860
106479969
346689
5304
26047
55365
26
5799
154822
7434
64478
157739
57604
6542
9
2675
1191
1846
619351
101929450
157855
80139
100271087
195814
102724623
57094
286189
5569
157724
100419614
1345
26166
100130158
107986980
8000
1585
114822
642475
225689
642574
340390
27290
27019
392307
101927222
5239
138971
10912
89846
203328
2203
54886
401546
138065
259
113220
2844
4010
414318
105376310
9022
56654
2902
389816
100505993
375791
92714
105
57713
399717
338591
340895
100873340
101928904
9576
119180
91074
106481836
101929520
646360
100312806
219752
104266963
221002
728990
219793
79933
51207
3778
101929328
101929286
729238
6441
10718
6623
414217
643161
338557
9211
29760
112817
5076
101927523
114815
282996
150
4892
2674
143379
196051
646255
2849
119587
256536
101927489
101927590
103695432
283229
4588
4583
4586
727897
338651
440023
51214
7054
430
29850
399857
3263
10612
23647
143425
8495
390091
57758
3767
6833
144110
283284
338645
6506
25891
8534
101928919
90993
2346
92292
58475
84689
728588
22917
4246
10647
4250
387778
347853
222
100874198
100874199
387273
100421860
10809
89849
7069
1740
5241
255239
644672
143941
2900
390275
116337
50863
22997
654429
100271702
56341
84766
57101
57613
55885
6579
341359
120892
283463
80070
4753
8909
1280
27289
5630
23017
11226
26628
3849
8435
400043
121355
5153
319
8608
23329
100271217
400046
100507175
196446
283310
374462
8825
79611
8499
102724933
196475
160728
4604
5053
121549
32
121643
100131138
23316
54997
84530
26353
27198
144347
400084
283352
4326
22953
51761
387914
2322
105370158
100129452
341640
400128
100130718
2974
341676
644623
100507428
266722
100420921
6564
100885778
2155
404785
23428
100507650
10202
196883
4857
102725045
5083
3169
319089
400208
644919
105370479
6252
161145
57475
106479480
57452
400224
326611
122970
641372
7043
9369
79820
414130
866
5265
256394
5267
101929080
9623
56967
624
123099
91828
388021
100128927
1396
319136
3494
3497
3503
2567
161835
255189
161497
80237
80031
6557
771
102723344
9543
145837
79875
196993
101929196
101929221
594855
1381
254559
5346
8912
25823
8938
64711
25837
124220
124221
283875
64386
9717
146556
18
106144584
146279
400500
105447648
255027
124274
2813
7369
54988
116285
7783
1428
146395
55911
246778
6817
653808
79153
94160
85320
869
1006
283848
51673
6898
197257
57687
10143
342419
83657
124359
107075134
1012
123872
390748
863
489
105371496
23302
247
59344
146852
23533
388336
51655
3768
101927390
645668
85314
8456
40
6143
5409
51195
3487
192666
643115
8686
8688
3882
65266
4137
79170
3211
284076
124872
162466
55040
124857
10140
400604
103689912
27092
786
440461
9120
9368
347741
283987
102723641
643008
101928738
56651
23136
284233
374860
105372011
100421589
6563
5596
220441
596
1005
147381
400660
126353
92840
126520
170961
440503
257000
125981
126006
729648
55908
114770
126410
100422238
11283
84941
117286
10365
27151
106479522
7757
163223
100287226
441843
646864
100128853
57616
1050
64377
400685
3249
2867
11045
57828
171523
1548
1549
22952
1556
1555
1572
100505495
1087
1048
1084
284340
388551
27202
84215
342918
8778
2359
100271846
91662
646643
79818
646862
400830
7053
56914
5126
57419
26074
3642
4821
5075
128790
128821
128822
1472
1469
1470
92086
80341
128859
149954
140683
276719
317716
92747
11264
140696
11122
10110
128481
140730
81031
140876
170529
8537
149775
11255
100652730
1137
1917
6725
106480194
4661
642460
81078
54055
100419042
391267
100462811
150000
387491
4685
388820
54102
54064
100506428
84677
2078
106480743
150084
5121
1826
100506492
89766
9619
7033
7031
89765
23783
7451
101929350
83733
2679
128997
400892
728441
23751
649264
150244
388882
100507657
7494
27124
9215
100874331
100506195
5816
164656
8911
2847
94009
253190
105373054
7380
400935
4935
357
2925
170302
158724
7682
392465
54328
347365
677799
203569
90737
60401
54857
2705
4435
4674
340533
9452
27328
286499
139221
392517
2747
158763
7547
100129662
6658
4110
101410537
392557
4100
1485
