7531
1978
369
NA
673
6045
931
3673
329
898
1977
1981
2194
2625
2065
3485
NA
54206
4361
4627
1000
1001
1026
7157
8878
6198
6195
5290
5728
57521
253260
6615
6714
7249
9636
388585
NA
NA
54626
3604
5293
NA
26232
943
7133
NA
54751
1188
1969
NA
26871
284729
NA
4237
29943
978
57576
400745
249
2048
NA
646262
3352
58985
864
NA
2827
2537
NA
9473
115273
399474
4146
NA
64129
1307
252995
113451
2709
127534
2707
27285
1296
2275
54933
643314
192217
84618
51440
64175
128209
359803
10158
63950
2882
348378
127435
148979
26027
55001
255738
NA
NA
NA
NA
NA
163782
4919
NA
57685
79971
11147
257194
256435
81849
NA
26289
91624
54810
NA
5737
10964
10561
729779
23266
729828
NA
115362
163351
400759
NA
84230
NA
NA
NA
164045
2672
NA
NA
1272
NA
NA
NA
1806
NA
NA
NA
9890
1901
118427
1301
22854
79574
1435
257
1117
284467
NA
NA
6566
NA
26191
163259
10100
4803
126868
6913
NA
106479023
NA
128077
NA
338391
9900
84072
1520
NA
NA
388697
6703
6700
6274
6273
126669
126668
23208
10485
10763
55243
100505785
912
3428
9447
343413
NA
NA
57216
9507
2212
25903
4921
5999
8490
387597
NA
23432
1805
79100
5396
2328
388714
2327
100628315
8995
89866
100302401
3915
NA
3918
23127
105371653
83872
5743
NA
5321
5997
8707
3078
127124
NA
554279
NA
23046
NA
91156
NA
59352
1116
284576
93273
NA
NA
440712
5362
3914
NA
50486
55509
NA
7042
440714
NA
401982
NA
NA
83881
79605
27185
104472714
NA
NA
NA
NA
4811
1131
440738
NA
10000
NA
55083
285016
NA
129607
91543
386597
192668
NA
NA
NA
28951
NA
729475
7447
114818
5443
150946
7781
64838
2646
NA
388939
53347
81606
7498
6716
25780
NA
23683
NA
25797
101410544
NA
NA
NA
NA
6546
NA
400950
23498
NA
NA
285051
NA
55704
NA
2202
53335
100271132
57162
NA
NA
NA
200558
9938
84168
7039
119
50489
8291
388960
84141
NA
129293
100874334
150572
4118
30818
NA
150771
NA
NA
731220
9448
9173
8809
8807
5455
10913
100287216
344558
NA
NA
NA
NA
129804
3553
NA
NA
2019
8685
165257
NA
2736
29842
339761
5624
NA
55679
2840
NA
401007
116372
9839
NA
4641
7130
114793
130399
9936
4065
1803
NA
NA
NA
1056
55137
6328
6326
80034
129446
10170
100533664
NA
2571
NA
1745
1746
NA
NA
91149
NA
NA
3239
3237
3236
3235
NA
51661
NA
3676
375298
5136
2487
151112
10203
1281
1290
3628
NA
NA
6775
8436
843
100873263
151254
NA
NA
65061
8324
4753
NA
NA
2825
8745
NA
NA
NA
4133
33
2335
NA
646324
92691
1593
53632
7475
NA
10290
NA
4221
5270
1286
6364
164781
92737
81618
9290
250
347694
251
54575
54578
339766
10123
NA
NA
1293
151176
117581
8536
491
6529
1659
6854
7079
7476
79623
23228
131096
100874092
100873979
27303
7048
NA
112616
26032
6769
3680
6331
165904
NA
285349
7047
25907
389119
79012
7134
790952
353324
56999
727936
236
100288801
389136
5627
415117
131544
100874207
10402
100419185
131566
NA
100506377
1295
55076
NA
84692
100506555
25945
79413
29114
NA
151887
7348
57514
100271105
100874246
141
11167
54437
4638
54763
56667
NA
166012
NA
166348
2152
80111
NA
2047
51208
199221
NA
668
401089
26577
285195
57088
57047
5359
1359
1356
4071
25937
NA
NA
53836
285313
NA
NA
4311
339894
NA
100498859
NA
5309
152078
6474
5918
NA
NA
NA
29970
80117
100287630
27333
2122
151827
5010
NA
NA
27074
84002
10644
646600
NA
2119
1608
3084
280644
64108
55214
100420621
9076
10686
344901
106480738
257313
NA
NA
131583
NA
NA
375387
4241
348840
285498
NA
NA
NA
10417
133060
27065
132884
84740
9957
NA
NA
952
9982
10891
NA
100873193
23231
NA
23216
81793
7096
10333
80008
51088
NA
NA
NA
7345
57205
201780
326340
339977
5156
100506564
3490
255130
NA
NA
2044
NA
NA
27284
4589
258
8671
9508
3576
6372
2919
6374
2921
2920
2069
419
6373
80144
306
NA
118429
56978
153020
NA
10855
NA
51191
6622
8633
NA
NA
115265
NA
NA
84570
3426
8492
79931
84109
132332
7222
100996941
729338
2247
79633
57575
132430
54510
682
3600
1909
23321
7097
285533
54798
9227
166863
4887
56034
59350
NA
7092
55601
11341
9464
79804
133121
7098
25854
NA
4543
132625
NA
NA
79192
101929176
170690
651746
NA
NA
54491
56172
NA
4479
1004
4883
NA
NA
3575
6507
NA
NA
101929768
9180
NA
5734
84674
730
729
345557
3672
10468
11082
493869
133396
79722
345651
NA
NA
4131
134285
22987
NA
2151
23743
635
1462
10085
NA
4208
101929423
NA
100505994
NA
NA
5122
64167
5066
1036
644100
51334
NA
4015
9627
57507
84466
2201
NA
6932
7045
6695
NA
340061
NA
929
56129
56127
56126
56125
56124
56098
56097
64411
389336
NA
NA
404203
153218
154
79628
NA
134265
728264
NA
406937
5159
1044
2196
6678
8728
11063
1879
NA
NA
NA
NA
147
406938
NA
NA
100131897
30820
NA
2568
30012
340037
NA
9509
255426
9945
94234
NA
2295
NA
2296
154386
NA
NA
5272
100132153
347733
NA
NA
NA
NA
648791
51299
NA
654
221718
NA
84830
54438
221687
9308
3400
9750
NA
3024
11118
10384
NA
NA
10537
346171
3134
352962
3135
353004
3105
353003
352966
4279
3137
10107
89870
170679
5460
100130889
3106
267015
10866
100130756
104413891
720
1590
721
4855
NA
3122
3123
6891
5696
100507463
6890
5698
3109
1302
6954
57699
5292
NA
23500
NA
221416
860
53405
10231
51302
7941
221395
222611
221393
106480869
221391
NA
NA
90523
NA
27283
NA
221336
9532
NA
1310
79940
115004
NA
135228
27145
9892
9096
NA
4907
135295
135293
6492
2898
389421
11149
64208
639
55084
7101
2534
3910
NA
NA
442247
29940
NA
441168
254228
6098
285761
135112
84870
9729
387104
352999
442258
3908
114801
100507203
1490
NA
100507254
26002
8876
NA
154091
6446
NA
154092
27115
NA
116379
7128
NA
NA
5325
8676
9590
26034
26230
117289
NA
84624
6581
80350
56895
NA
NA
NA
NA
NA
NA
NA
NA
392617
6624
2115
392636
4223
NA
25928
9734
NA
NA
3696
8701
NA
NA
NA
3569
NA
NA
84668
NA
10643
NA
256355
4852
1687
NA
3198
100506311
3199
3200
285943
3201
100133311
3202
3203
3204
3205
100874323
3206
NA
3207
221883
NA
100128081
NA
358
223075
5137
313
79783
NA
NA
3624
285954
23072
NA
3486
NA
NA
55380
NA
84847
256979
7378
1956
81552
360132
NA
100418718
8460
2006
7461
6369
2770
NA
3082
10371
5243
NA
NA
NA
79689
26872
1021
NA
54809
219285
7980
2791
51666
1780
285987
1750
1749
4885
79690
NA
100129845
5118
375607
136227
10234
349152
5649
NA
102724339
NA
858
NA
857
NA
NA
NA
4233
56311
51384
5803
NA
2318
375616
1358
51200
80320
NA
407024
NA
231
57016
441282
800
NA
5764
9162
27147
NA
5644
154754
28638
2051
1180
100131176
NA
155051
NA
389610
100652791
1672
NA
NA
NA
NA
4481
286097
51201
NA
55790
11178
649
9796
8793
4017
NA
NA
10863
10687
1808
286133
29942
78986
25960
3620
NA
169355
56892
6422
286
5327
389655
NA
6591
137133
389658
2831
NA
4986
8601
4067
5324
5179
NA
100507632
9760
NA
NA
27319
9420
NA
80243
2138
NA
9242
9312
157869
NA
23643
NA
3174
100192378
79776
245972
793
64168
NA
NA
203111
NA
286151
115908
29967
NA
NA
284
2131
690
NA
NA
NA
312
727677
137196
NA
56169
137835
169044
NA
54742
NA
NA
1761
NA
7436
NA
NA
NA
NA
169792
NA
29126
80380
90865
NA
NA
158326
NA
54796
NA
54875
6456
3456
646581
3474
554202
338376
51198
1029
1030
1993
7010
NA
158038
5646
NA
768
7169
646962
158376
56656
392313
8434
152007
10020
79937
NA
NA
NA
728577
NA
NA
NA
644576
100288827
3532
NA
138255
256691
80036
8034
216
301
140803
5125
158471
29968
64078
2619
NA
401535
NA
6850
NA
1842
56033
5727
NA
NA
1515
7111
2304
8577
23732
114299
11217
79987
158401
100128385
NA
5069
7099
105376261
100379345
3934
NA
10319
84628
286310
28
1289
57582
NA
NA
100652988
100216001
338588
1645
1646
8644
100996684
340811
1109
810
NA
3601
5588
439949
NA
100507127
NA
207107
10659
414196
221061
NA
8029
7431
653567
221074
56952
NA
219670
53904
283078
57608
6935
NA
3688
NA
4745
414194
NA
11067
220979
240
728113
728113
653145
2662
644168
80114
NA
1959
NA
340888
84665
NA
80201
64106
27143
140766
9469
5328
219348
92211
2894
100132116
59
9023
NA
3433
3437
3434
3363
27063
340665
10580
100188954
5309
9118
119395
NA
340706
NA
5654
1755
NA
390010
387718
8038
101101772
118611
119467
8519
10410
NA
10346
112464
341277
NA
338322
65975
27122
NA
10418
387755
55553
NA
10083
340990
6287
6288
NA
387758
5080
25758
NA
4005
960
79899
90139
1132
100507401
4038
5553
29015
710
NA
728641
6947
745
254122
8061
57124
NA
266743
2950
NA
283208
10008
11309
100507050
2615
65987
NA
120114
159989
NA
NA
143686
NA
23373
79780
53942
143872
143872
7225
NA
330
4316
9313
NA
4317
4322
NA
838
834
114769
85463
5450
NA
143903
1410
3316
4684
3359
4837
NA
6876
4162
114902
23650
220323
84959
56253
79827
55800
64221
54538
NA
2113
3762
219833
11095
283171
NA
440073
4815
100292680
81029
27239
716
715
283314
2
387837
51267
64581
3824
3823
3822
2012
283422
NA
100271303
NA
NA
5139
6489
NA
586
NA
56938
5744
100287314
NA
NA
144402
NA
144165
100233209
51411
NA
NA
NA
9119
3854
3853
3853
3852
3489
4778
3678
2735
NA
253827
8091
NA
NA
11213
NA
5787
5801
8549
29953
283392
11010
26778
NA
1466
89795
8092
9182
4922
4060
NA
574016
574028
NA
84101
NA
83468
NA
160428
NA
9891
9671
1240
NA
795
NA
100507206
387895
2706
10804
2254
1045
100507064
84935
100507135
10631
7223
10186
28984
NA
10562
5457
10253
100507533
9071
22873
259232
9358
2259
728192
8660
1282
1284
100129836
100874203
283487
100130386
348013
338879
29986
84659
55701
28526
9056
4323
29091
NA
2290
1690
NA
9472
NA
283547
4253
NA
NA
161342
NA
54331
22795
5729
5732
NA
652
57161
145407
51339
NA
NA
100750246
145376
4053
5228
23560
NA
10516
123041
79890
3429
388015
79104
NA
NA
105370683
113146
4948
89837
653075
89832
390561
NA
653125
NA
26585
NA
100507466
NA
729073
57519
9333
50506
90527
90525
2200
NA
10017
26108
8854
366
NA
NA
51285
NA
NA
22801
10391
NA
729611
NA
55323
NA
57611
NA
3671
64220
NA
80125
1583
1543
NA
NA
NA
11173
40
NA
107080636
109729113
4828
9154
NA
NA
145864
4240
NA
290
NA
2242
28232
8128
56963
NA
196968
NA
220
NA
NA
NA
30812
260429
9235
NA
2903
4261
NA
730092
NA
NA
29895
7041
NA
102577425
NA
113
NA
NA
79190
NA
4313
84290
6530
51716
1066
4499
4495
84166
221188
1009
283867
100505865
146227
123920
6236
146206
3038
146433
794
10164
NA
4166
23406
83716
2303
2300
NA
NA
84627
1013
359845
64359
9032
22861
54739
146850
9340
9955
NA
136
201161
51393
NA
400578
147228
NA
339241
729252
339244
NA
348254
347716
347717
100996259
353196
644945
NA
339263
3965
4843
374786
NA
729682
2124
2123
6347
6354
NA
100506736
79148
6352
57636
NA
342667
3857
3861
3868
3872
284119
8506
4222
284071
NA
NA
10052
7473
4635
3690
NA
NA
10642
4804
NA
55273
NA
9902
80774
3384
284021
201134
5578
NA
3773
400617
3759
400619
NA
NA
NA
114757
439921
NA
NA
NA
100507410
114897
NA
116
84034
NA
NA
NA
NA
645369
91133
79822
284217
NA
63895
2774
NA
NA
84617
NA
NA
3909
25925
1824
147409
1830
9331
57565
NA
80206
9388
83876
NA
6925
115701
NA
55205
147372
5366
642996
5268
NA
89777
5275
6318
6317
8710
5055
5273
284293
5271
8642
79839
NA
NA
NA
125704
4153
NA
2769
284422
126326
8744
970
8740
718
2015
84467
81794
NA
50509
NA
3383
1264
NA
100422691
26659
6511
23581
652995
284434
1311
NA
404037
53345
NA
NA
126242
NA
NA
53822
53827
84063
NA
NA
NA
94274
3963
653499
115290
390928
8857
8190
558
NA
5671
57126
5329
106479357
147710
341
147920
NA
727703
147906
64100
2014
54922
26291
1082
NA
28968
11123
25818
5653
NA
5650
11202
284366
5655
125965
284418
284297
204801
NA
201516
55423
128646
10326
55423
NA
NA
NA
140885
100288797
NA
54498
NA
146
5621
128674
4034
55612
650
56255
NA
57144
182
NA
NA
23767
140836
105372556
140828
NA
NA
2307
10893
8200
85449
79812
84969
NA
100
3787
5266
10406
7125
4318
64405
5740
NA
NA
1591
164284
149773
1299
54345
NA
246312
54075
378818
140578
NA
114614
116159
11096
654376
9073
NA
NA
NA
NA
3772
4599
150135
54101
NA
NA
NA
3689
727699
388830
54039
NA
1291
NA
1292
266673
100130418
26220
NA
91179
9127
440799
140883
NA
29774
NA
3976
284904
23755
9514
6948
23762
6523
NA
80830
5880
27128
3957
3956
84645
NA
6663
80115
NA
4248
NA
9402
27254
150372
NA
64098
85352
NA
NA
NA
415
100129464
1183
4281
51284
NA
660
59272
104798195
57393
4810
NA
389840
30011
256714
257240
286460
139411
4115
190
1756
347404
8406
NA
407006
NA
NA
643309
NA
55190
65267
4478
27160
169966
10824
27286
NA
56000
51186
NA
80712
23630
2182
91851
154796
57631
NA
5358
203413
NA
55026
644538
2273
79649
10046
NA
29944
633
347613
NA
